image_name,Type_1,Type_2,Type_3
0.jpg,0.02887,0.96368,0.00745
1.jpg,0.00914,0.88135,0.10951
2.jpg,0.97655,0.02337,0.00008
3.jpg,0.05800,0.53484,0.40716
4.jpg,0.02557,0.16112,0.81331
5.jpg,0.01578,0.98422,0.00000
6.jpg,0.00639,0.99358,0.00003
7.jpg,0.00125,0.83104,0.16771
8.jpg,0.21681,0.77768,0.00551
9.jpg,0.00190,0.90635,0.09175
10.jpg,0.01045,0.98954,0.00001
11.jpg,0.07109,0.03256,0.89635
12.jpg,0.09190,0.20670,0.70140
13.jpg,0.00549,0.52711,0.46740
14.jpg,0.00046,0.94628,0.05326
15.jpg,0.20982,0.24128,0.54890
16.jpg,0.25191,0.74059,0.00751
17.jpg,0.42398,0.56152,0.01450
18.jpg,0.32184,0.67647,0.00168
19.jpg,0.17042,0.33875,0.49083
20.jpg,0.89038,0.10959,0.00004
21.jpg,0.00824,0.99176,0.00000
22.jpg,0.04170,0.95801,0.00030
23.jpg,0.67775,0.30844,0.01381
24.jpg,0.00984,0.98817,0.00200
25.jpg,0.07656,0.82869,0.09475
26.jpg,0.09357,0.90305,0.00338
27.jpg,0.00005,0.35002,0.64993
28.jpg,0.17253,0.38884,0.43863
29.jpg,0.04956,0.46829,0.48215
30.jpg,0.55879,0.35730,0.08391
31.jpg,0.08577,0.89759,0.01664
32.jpg,0.02182,0.46314,0.51504
33.jpg,0.14159,0.46525,0.39315
34.jpg,0.12746,0.67758,0.19497
35.jpg,0.00012,0.00027,0.99961
36.jpg,0.18972,0.81016,0.00012
37.jpg,0.09569,0.90420,0.00011
38.jpg,0.32509,0.66111,0.01380
39.jpg,0.16486,0.66654,0.16860
40.jpg,0.00412,0.83233,0.16354
41.jpg,0.00494,0.81553,0.17952
42.jpg,0.00029,0.98967,0.01004
43.jpg,0.00213,0.96666,0.03121
44.jpg,0.09615,0.60970,0.29415
45.jpg,0.00036,0.00204,0.99760
46.jpg,0.56854,0.20519,0.22627
47.jpg,0.99311,0.00684,0.00005
48.jpg,0.00546,0.27673,0.71781
49.jpg,0.03381,0.20593,0.76025
50.jpg,0.03370,0.08441,0.88188
51.jpg,0.98255,0.01744,0.00001
52.jpg,0.02673,0.19088,0.78239
53.jpg,0.72486,0.06258,0.21256
54.jpg,0.00041,0.01052,0.98907
55.jpg,0.00300,0.62869,0.36832
56.jpg,0.00002,0.93434,0.06565
57.jpg,0.36723,0.63052,0.00225
58.jpg,0.00039,0.11088,0.88873
59.jpg,0.99996,0.00002,0.00002
60.jpg,0.02792,0.25398,0.71809
61.jpg,0.01693,0.98304,0.00003
62.jpg,0.00920,0.19596,0.79484
63.jpg,0.00002,0.89715,0.10283
64.jpg,0.18167,0.76242,0.05592
65.jpg,0.97291,0.02697,0.00012
66.jpg,0.14813,0.03062,0.82126
67.jpg,0.00730,0.36882,0.62388
68.jpg,0.07589,0.74780,0.17631
69.jpg,0.08676,0.85423,0.05901
70.jpg,0.85482,0.14498,0.00020
71.jpg,0.01788,0.95949,0.02263
72.jpg,0.00995,0.99003,0.00002
73.jpg,0.65406,0.29094,0.05500
74.jpg,0.01546,0.83178,0.15276
75.jpg,0.01080,0.95371,0.03549
76.jpg,0.00438,0.24434,0.75128
77.jpg,0.25460,0.49004,0.25536
78.jpg,0.01903,0.03673,0.94425
79.jpg,0.99448,0.00552,0.00000
80.jpg,0.00595,0.96051,0.03354
81.jpg,0.03215,0.93624,0.03161
82.jpg,0.35353,0.64325,0.00322
83.jpg,0.01963,0.18791,0.79246
84.jpg,0.02833,0.58761,0.38406
85.jpg,0.00015,0.99973,0.00012
86.jpg,0.11179,0.34269,0.54552
87.jpg,0.00011,0.35798,0.64191
88.jpg,0.18050,0.69746,0.12204
89.jpg,0.00383,0.25604,0.74013
90.jpg,0.93905,0.06095,0.00000
91.jpg,0.51046,0.27881,0.21072
92.jpg,0.00859,0.18645,0.80496
93.jpg,0.06901,0.88083,0.05016
94.jpg,0.06271,0.92537,0.01192
95.jpg,0.02222,0.85425,0.12353
96.jpg,0.99376,0.00524,0.00100
97.jpg,0.01977,0.59298,0.38725
98.jpg,0.00520,0.99472,0.00008
99.jpg,0.00069,0.44426,0.55504
100.jpg,0.01211,0.87239,0.11550
101.jpg,0.34827,0.61998,0.03174
102.jpg,0.14913,0.71110,0.13977
103.jpg,0.31239,0.39392,0.29368
104.jpg,0.01572,0.60003,0.38425
105.jpg,0.01745,0.49035,0.49220
106.jpg,0.01645,0.95282,0.03073
107.jpg,0.00000,0.84530,0.15470
108.jpg,0.01537,0.76539,0.21924
109.jpg,0.03619,0.03200,0.93181
110.jpg,0.00306,0.99601,0.00094
111.jpg,0.05303,0.75378,0.19318
112.jpg,0.00871,0.14639,0.84490
113.jpg,0.01328,0.23944,0.74729
114.jpg,0.00020,0.10405,0.89575
115.jpg,0.05405,0.85947,0.08648
116.jpg,0.00379,0.15051,0.84569
117.jpg,0.15404,0.84348,0.00247
118.jpg,0.01018,0.14581,0.84401
119.jpg,0.00714,0.67286,0.32000
120.jpg,0.09016,0.88115,0.02868
121.jpg,0.04237,0.93242,0.02521
122.jpg,0.01065,0.30098,0.68837
123.jpg,0.36519,0.63137,0.00344
124.jpg,0.06689,0.03695,0.89616
125.jpg,0.00752,0.31359,0.67889
126.jpg,0.05840,0.86416,0.07744
127.jpg,0.00082,0.98804,0.01113
128.jpg,0.02372,0.97628,0.00000
129.jpg,0.00254,0.99742,0.00004
130.jpg,0.38163,0.59599,0.02238
131.jpg,0.14798,0.07453,0.77749
132.jpg,0.57933,0.15111,0.26956
133.jpg,0.01110,0.26398,0.72492
134.jpg,0.00004,0.99453,0.00542
135.jpg,0.02453,0.93940,0.03607
136.jpg,0.00001,0.99939,0.00060
137.jpg,0.57369,0.31916,0.10715
138.jpg,0.00936,0.87604,0.11460
139.jpg,0.25007,0.74545,0.00448
140.jpg,0.12011,0.87432,0.00557
141.jpg,0.07593,0.12015,0.80393
142.jpg,0.95714,0.04285,0.00000
143.jpg,0.07966,0.11303,0.80731
144.jpg,0.16133,0.83302,0.00566
145.jpg,0.00039,0.58602,0.41359
146.jpg,0.00368,0.99631,0.00000
147.jpg,0.02751,0.96911,0.00338
148.jpg,0.10834,0.67926,0.21240
149.jpg,0.04282,0.37084,0.58634
150.jpg,0.48757,0.50249,0.00994
151.jpg,0.00213,0.01442,0.98345
152.jpg,0.00003,0.99979,0.00018
153.jpg,0.00285,0.30309,0.69407
154.jpg,0.25479,0.71088,0.03433
155.jpg,0.02806,0.89100,0.08094
156.jpg,0.00502,0.86299,0.13200
157.jpg,0.09825,0.26386,0.63789
158.jpg,0.02061,0.47150,0.50789
159.jpg,0.02156,0.97583,0.00261
160.jpg,0.28119,0.71577,0.00304
161.jpg,0.18694,0.17166,0.64140
162.jpg,0.19111,0.05331,0.75558
163.jpg,0.05237,0.61884,0.32879
164.jpg,0.21154,0.75710,0.03136
165.jpg,0.99953,0.00047,0.00000
166.jpg,0.23506,0.51523,0.24971
167.jpg,0.00571,0.10189,0.89241
168.jpg,0.02364,0.97139,0.00497
169.jpg,0.00437,0.99563,0.00001
170.jpg,0.01417,0.98130,0.00453
171.jpg,0.00012,0.01906,0.98083
172.jpg,0.06152,0.45566,0.48282
173.jpg,0.17004,0.66377,0.16619
174.jpg,0.00004,0.99692,0.00305
175.jpg,0.03698,0.71496,0.24806
176.jpg,0.02556,0.93473,0.03972
177.jpg,0.03404,0.96574,0.00022
178.jpg,0.00004,0.01547,0.98449
179.jpg,0.02783,0.96218,0.00999
180.jpg,0.00075,0.44973,0.54953
181.jpg,0.47237,0.26198,0.26565
182.jpg,0.00026,0.06958,0.93016
183.jpg,0.27966,0.62026,0.10008
184.jpg,0.00222,0.20403,0.79375
185.jpg,0.00004,0.02153,0.97843
186.jpg,0.00001,0.99183,0.00816
187.jpg,0.01062,0.13929,0.85009
188.jpg,0.07822,0.83303,0.08875
189.jpg,0.00002,0.09320,0.90678
190.jpg,0.00756,0.99212,0.00032
191.jpg,0.00051,0.22636,0.77312
192.jpg,0.05996,0.41670,0.52334
193.jpg,0.22078,0.51884,0.26038
194.jpg,0.01630,0.20574,0.77795
195.jpg,0.97233,0.02751,0.00016
196.jpg,0.97060,0.02832,0.00109
197.jpg,0.23289,0.62702,0.14009
198.jpg,0.09855,0.18276,0.71868
199.jpg,0.00064,0.08148,0.91788
200.jpg,0.09450,0.88300,0.02250
201.jpg,0.19217,0.72377,0.08406
202.jpg,0.44379,0.26671,0.28949
203.jpg,0.31341,0.48080,0.20579
204.jpg,0.00078,0.02086,0.97836
205.jpg,0.04344,0.17654,0.78003
206.jpg,0.15620,0.78976,0.05404
207.jpg,0.00393,0.40285,0.59323
208.jpg,0.12516,0.15767,0.71717
209.jpg,0.00395,0.01649,0.97956
210.jpg,0.10763,0.05558,0.83679
211.jpg,0.03033,0.83144,0.13823
212.jpg,0.01685,0.94004,0.04312
213.jpg,0.01928,0.30743,0.67329
214.jpg,0.66716,0.33236,0.00049
215.jpg,0.21423,0.78576,0.00002
216.jpg,0.00030,0.99557,0.00413
217.jpg,0.00018,0.99981,0.00001
218.jpg,0.00548,0.98225,0.01227
219.jpg,0.00809,0.30722,0.68469
220.jpg,0.14032,0.85269,0.00699
221.jpg,0.04241,0.76643,0.19116
222.jpg,0.00006,0.50779,0.49215
223.jpg,0.05413,0.08460,0.86127
224.jpg,0.00348,0.22786,0.76866
225.jpg,0.00326,0.94290,0.05383
226.jpg,0.04493,0.06999,0.88508
227.jpg,0.00012,0.99988,0.00000
228.jpg,0.00050,0.99900,0.00050
229.jpg,0.00001,0.99999,0.00000
230.jpg,0.02950,0.68977,0.28073
231.jpg,0.98093,0.01462,0.00445
232.jpg,0.99840,0.00066,0.00093
233.jpg,0.04840,0.95159,0.00001
234.jpg,0.00125,0.03319,0.96556
235.jpg,0.00054,0.85489,0.14457
236.jpg,0.00250,0.93418,0.06332
237.jpg,0.11770,0.28320,0.59910
238.jpg,0.00053,0.01933,0.98014
239.jpg,0.00000,0.99860,0.00140
240.jpg,0.17832,0.26149,0.56019
241.jpg,0.07135,0.90802,0.02063
242.jpg,0.00658,0.94480,0.04862
243.jpg,0.99000,0.00990,0.00010
244.jpg,0.00019,0.16899,0.83082
245.jpg,0.27069,0.72913,0.00019
246.jpg,0.00001,0.99908,0.00091
247.jpg,0.03302,0.61049,0.35649
248.jpg,0.04857,0.54160,0.40983
249.jpg,0.17508,0.82481,0.00011
250.jpg,0.01552,0.89229,0.09219
251.jpg,0.34321,0.36717,0.28962
252.jpg,0.00078,0.94855,0.05067
253.jpg,0.02368,0.35783,0.61848
254.jpg,0.00184,0.00193,0.99623
255.jpg,0.06250,0.52937,0.40813
256.jpg,0.05306,0.82306,0.12388
257.jpg,0.00916,0.99017,0.00068
258.jpg,0.18709,0.33049,0.48242
259.jpg,0.22874,0.65328,0.11798
260.jpg,0.77659,0.22341,0.00000
261.jpg,0.00102,0.02979,0.96920
262.jpg,0.20728,0.79104,0.00168
263.jpg,0.16133,0.68007,0.15861
264.jpg,0.00883,0.30216,0.68901
265.jpg,0.01636,0.02134,0.96230
266.jpg,0.00031,0.15468,0.84502
267.jpg,0.20647,0.77839,0.01514
268.jpg,0.06198,0.93795,0.00007
269.jpg,0.44881,0.55102,0.00017
270.jpg,0.00026,0.01261,0.98712
271.jpg,0.20109,0.55459,0.24432
272.jpg,0.11457,0.73630,0.14913
273.jpg,0.08467,0.47546,0.43987
274.jpg,0.01659,0.98335,0.00006
275.jpg,0.00810,0.11369,0.87821
276.jpg,0.03867,0.25215,0.70918
277.jpg,0.11859,0.56537,0.31603
278.jpg,0.12395,0.77733,0.09871
279.jpg,0.00062,0.02820,0.97119
280.jpg,0.00662,0.98215,0.01122
281.jpg,0.42764,0.08823,0.48413
282.jpg,0.37713,0.40600,0.21687
283.jpg,0.00005,0.35402,0.64593
284.jpg,0.01429,0.00144,0.98426
285.jpg,0.82851,0.12900,0.04249
286.jpg,0.00653,0.94342,0.05005
287.jpg,0.00746,0.14873,0.84381
288.jpg,0.15752,0.52315,0.31933
289.jpg,0.91109,0.06167,0.02724
290.jpg,0.07504,0.65061,0.27435
291.jpg,0.20682,0.70719,0.08599
292.jpg,0.16350,0.40755,0.42896
293.jpg,0.92565,0.07431,0.00004
294.jpg,0.09266,0.88112,0.02622
295.jpg,0.00354,0.96645,0.03001
296.jpg,0.00471,0.99528,0.00000
297.jpg,0.06580,0.93328,0.00092
298.jpg,0.58072,0.29211,0.12717
299.jpg,0.69888,0.22069,0.08043
300.jpg,0.05380,0.90970,0.03650
301.jpg,0.00645,0.32498,0.66857
302.jpg,0.00026,0.82471,0.17504
303.jpg,0.65190,0.34764,0.00046
304.jpg,0.99957,0.00008,0.00036
305.jpg,0.00014,0.96989,0.02997
306.jpg,0.00357,0.05834,0.93809
307.jpg,0.01796,0.05137,0.93067
308.jpg,0.99743,0.00207,0.00050
309.jpg,0.25915,0.35162,0.38923
310.jpg,0.00022,0.90452,0.09525
311.jpg,0.00785,0.00134,0.99082
312.jpg,0.83213,0.12771,0.04017
313.jpg,0.00191,0.92135,0.07675
314.jpg,0.01191,0.98758,0.00050
315.jpg,0.00183,0.99143,0.00674
316.jpg,0.99880,0.00118,0.00003
317.jpg,0.05671,0.73774,0.20555
318.jpg,0.04083,0.95915,0.00002
319.jpg,0.00004,0.81733,0.18263
320.jpg,0.00096,0.99784,0.00120
321.jpg,0.16947,0.28132,0.54922
322.jpg,0.01944,0.48053,0.50003
323.jpg,0.15760,0.76070,0.08171
324.jpg,0.12621,0.84277,0.03102
325.jpg,0.46927,0.08118,0.44955
326.jpg,0.00952,0.15166,0.83881
327.jpg,0.00757,0.68452,0.30791
328.jpg,0.00018,0.36827,0.63155
329.jpg,0.00000,0.24137,0.75863
330.jpg,0.28108,0.71852,0.00040
331.jpg,0.72291,0.24560,0.03149
332.jpg,0.15176,0.79543,0.05281
333.jpg,0.00002,0.00441,0.99557
334.jpg,0.00069,0.09224,0.90707
335.jpg,0.01303,0.40757,0.57940
336.jpg,0.95010,0.04990,0.00000
337.jpg,0.01959,0.93853,0.04188
338.jpg,0.23283,0.76164,0.00553
339.jpg,0.02116,0.61117,0.36766
340.jpg,0.08411,0.73980,0.17609
341.jpg,0.02022,0.93107,0.04871
342.jpg,0.35508,0.14023,0.50469
343.jpg,0.01312,0.16074,0.82614
344.jpg,0.98042,0.01911,0.00047
345.jpg,0.99992,0.00008,0.00000
346.jpg,0.00848,0.61382,0.37770
347.jpg,0.02324,0.97659,0.00018
348.jpg,0.00709,0.55049,0.44242
349.jpg,0.14555,0.63053,0.22392
350.jpg,0.05001,0.88265,0.06734
351.jpg,0.03559,0.65377,0.31064
352.jpg,0.00033,0.80794,0.19173
353.jpg,0.13337,0.09715,0.76948
354.jpg,0.08244,0.72525,0.19231
355.jpg,0.99973,0.00026,0.00001
356.jpg,0.95659,0.03110,0.01231
357.jpg,0.00859,0.94754,0.04387
358.jpg,0.00953,0.92343,0.06704
359.jpg,0.00260,0.00368,0.99373
360.jpg,0.17960,0.81780,0.00259
361.jpg,0.07402,0.80891,0.11707
362.jpg,0.00038,0.99600,0.00362
363.jpg,0.00054,0.71835,0.28110
364.jpg,0.00810,0.02055,0.97135
365.jpg,0.00574,0.97982,0.01445
366.jpg,0.00001,0.00150,0.99849
367.jpg,0.63346,0.35387,0.01268
368.jpg,0.40955,0.27095,0.31950
369.jpg,0.04669,0.95307,0.00024
370.jpg,0.27513,0.66075,0.06411
371.jpg,0.91186,0.08801,0.00013
372.jpg,0.02192,0.16935,0.80873
373.jpg,0.04499,0.93492,0.02008
374.jpg,0.03638,0.42845,0.53517
375.jpg,0.00263,0.99736,0.00001
376.jpg,0.03970,0.71954,0.24077
377.jpg,0.29080,0.69158,0.01763
378.jpg,0.00000,0.99952,0.00048
379.jpg,0.00619,0.47080,0.52301
380.jpg,0.01828,0.11809,0.86363
381.jpg,0.20800,0.53741,0.25459
382.jpg,0.99777,0.00207,0.00016
383.jpg,0.00095,0.99901,0.00004
384.jpg,0.80432,0.13504,0.06064
385.jpg,0.01035,0.39606,0.59359
386.jpg,0.02888,0.04174,0.92938
387.jpg,0.01446,0.62696,0.35858
388.jpg,0.08374,0.57372,0.34254
389.jpg,0.00163,0.65771,0.34066
390.jpg,0.36384,0.52034,0.11582
391.jpg,0.00011,0.51515,0.48473
392.jpg,0.00067,0.96951,0.02982
393.jpg,0.10025,0.00568,0.89407
394.jpg,0.07523,0.78644,0.13832
395.jpg,0.35165,0.64339,0.00496
396.jpg,0.08925,0.89778,0.01296
397.jpg,0.60504,0.27419,0.12077
398.jpg,0.00012,0.89988,0.10001
399.jpg,0.23750,0.73935,0.02315
400.jpg,0.03017,0.75480,0.21503
401.jpg,0.00037,0.99345,0.00618
402.jpg,0.96455,0.03248,0.00297
403.jpg,0.00224,0.98408,0.01368
404.jpg,0.05528,0.81143,0.13329
405.jpg,0.01195,0.98781,0.00024
406.jpg,0.99979,0.00020,0.00001
407.jpg,0.12583,0.87389,0.00028
408.jpg,0.06424,0.91413,0.02163
409.jpg,0.05465,0.25344,0.69192
410.jpg,0.30295,0.05894,0.63812
411.jpg,0.00620,0.99307,0.00074
412.jpg,0.00433,0.70287,0.29280
413.jpg,0.00016,0.85828,0.14156
414.jpg,0.01289,0.16042,0.82670
415.jpg,0.99081,0.00919,0.00000
416.jpg,0.94487,0.05508,0.00004
417.jpg,0.07749,0.87745,0.04505
418.jpg,0.16608,0.17465,0.65927
419.jpg,0.58675,0.23072,0.18253
420.jpg,0.16810,0.42924,0.40266
421.jpg,0.72175,0.27684,0.00142
422.jpg,0.28278,0.53387,0.18335
423.jpg,0.20100,0.17836,0.62064
424.jpg,0.00340,0.88737,0.10924
425.jpg,0.00058,0.02764,0.97178
426.jpg,0.02021,0.86605,0.11374
427.jpg,0.00386,0.58483,0.41130
428.jpg,0.03046,0.14667,0.82288
429.jpg,0.00132,0.00690,0.99178
430.jpg,0.04923,0.72176,0.22901
431.jpg,0.99876,0.00124,0.00000
432.jpg,0.00040,0.42132,0.57828
433.jpg,0.00174,0.87351,0.12475
434.jpg,0.01611,0.92408,0.05981
435.jpg,0.04538,0.40021,0.55442
436.jpg,0.52433,0.46387,0.01180
437.jpg,0.52757,0.41916,0.05327
438.jpg,0.00013,0.96660,0.03327
439.jpg,0.00000,0.85684,0.14316
440.jpg,0.31500,0.33031,0.35469
441.jpg,0.01232,0.98759,0.00009
442.jpg,0.00212,0.99787,0.00001
443.jpg,0.01267,0.26608,0.72125
444.jpg,0.01570,0.93550,0.04880
445.jpg,0.57934,0.36019,0.06047
446.jpg,0.06794,0.80079,0.13127
447.jpg,0.17553,0.67507,0.14940
448.jpg,0.00903,0.23859,0.75238
449.jpg,0.62758,0.36046,0.01196
450.jpg,0.00079,0.31663,0.68258
451.jpg,0.00351,0.90942,0.08707
452.jpg,0.01069,0.61862,0.37068
453.jpg,0.78487,0.21469,0.00045
454.jpg,0.29327,0.30725,0.39948
455.jpg,0.09644,0.31765,0.58591
456.jpg,0.31743,0.68240,0.00017
457.jpg,0.99988,0.00012,0.00000
458.jpg,0.16935,0.64548,0.18517
459.jpg,0.30102,0.69568,0.00330
460.jpg,0.15132,0.78604,0.06264
461.jpg,0.00257,0.50416,0.49327
462.jpg,0.13571,0.71175,0.15254
463.jpg,0.08447,0.40308,0.51245
464.jpg,0.00028,0.99970,0.00002
465.jpg,0.00009,0.99889,0.00102
466.jpg,0.00686,0.99313,0.00001
467.jpg,0.96122,0.01007,0.02871
468.jpg,0.28565,0.17219,0.54216
469.jpg,0.02364,0.87325,0.10311
470.jpg,0.01997,0.97996,0.00007
471.jpg,0.47723,0.48906,0.03370
472.jpg,0.66910,0.07551,0.25540
473.jpg,0.01494,0.72129,0.26378
474.jpg,0.03091,0.82676,0.14233
475.jpg,0.00956,0.86312,0.12732
476.jpg,0.19925,0.76006,0.04069
477.jpg,0.82368,0.17629,0.00003
478.jpg,0.22976,0.63426,0.13598
479.jpg,0.00219,0.98248,0.01533
480.jpg,0.16125,0.75873,0.08002
481.jpg,0.00000,0.00466,0.99534
482.jpg,0.99605,0.00302,0.00093
483.jpg,0.36092,0.63900,0.00007
484.jpg,0.15664,0.34330,0.50006
485.jpg,0.00157,0.09173,0.90670
486.jpg,0.00273,0.39531,0.60196
487.jpg,0.35436,0.63966,0.00599
488.jpg,0.02476,0.32423,0.65100
489.jpg,0.94484,0.01128,0.04388
490.jpg,0.01086,0.91411,0.07503
491.jpg,0.11592,0.87487,0.00921
492.jpg,0.11171,0.88562,0.00267
493.jpg,0.17949,0.73670,0.08381
494.jpg,0.01548,0.09997,0.88456
495.jpg,0.24673,0.75322,0.00005
496.jpg,0.01145,0.62023,0.36833
497.jpg,0.07791,0.87793,0.04416
498.jpg,0.00590,0.77443,0.21967
499.jpg,0.00020,0.00200,0.99779
500.jpg,0.04683,0.92805,0.02512
501.jpg,0.00003,0.99997,0.00000
502.jpg,0.01106,0.18883,0.80011
503.jpg,0.01822,0.74484,0.23694
504.jpg,0.00172,0.52950,0.46877
505.jpg,0.13155,0.77459,0.09386
506.jpg,0.34059,0.63104,0.02837
507.jpg,0.39734,0.43598,0.16667
508.jpg,0.01884,0.84176,0.13941
509.jpg,0.16942,0.78488,0.04571
510.jpg,0.00355,0.26065,0.73580
511.jpg,0.20648,0.14494,0.64858
10000.jpg,0.14558,0.77637,0.07805
10001.jpg,0.14986,0.61166,0.23847
10002.jpg,0.04792,0.25659,0.69550
10003.jpg,0.48000,0.51410,0.00590
10004.jpg,0.37690,0.61077,0.01233
10005.jpg,0.11314,0.68261,0.20424
10006.jpg,0.10689,0.76800,0.12511
10007.jpg,0.32047,0.66621,0.01332
10008.jpg,0.42609,0.55605,0.01786
10009.jpg,0.21315,0.74236,0.04449
10010.jpg,0.06249,0.22354,0.71397
10011.jpg,0.02283,0.23921,0.73796
10012.jpg,0.36129,0.60125,0.03747
10013.jpg,0.05104,0.41978,0.52918
10014.jpg,0.07114,0.62942,0.29944
10015.jpg,0.08819,0.46569,0.44612
10016.jpg,0.09404,0.71547,0.19049
10017.jpg,0.12881,0.60799,0.26319
10018.jpg,0.48384,0.47887,0.03729
10019.jpg,0.18716,0.77181,0.04104
10020.jpg,0.07526,0.43997,0.48477
10021.jpg,0.10871,0.57544,0.31585
10022.jpg,0.14277,0.66407,0.19316
10023.jpg,0.62926,0.34456,0.02619
10024.jpg,0.05177,0.51001,0.43822
10025.jpg,0.13960,0.75046,0.10993
10026.jpg,0.25991,0.59531,0.14478
10027.jpg,0.15113,0.60509,0.24378
10028.jpg,0.04795,0.35133,0.60072
10029.jpg,0.66371,0.33393,0.00236
10030.jpg,0.09488,0.46996,0.43516
10031.jpg,0.35328,0.51694,0.12978
10032.jpg,0.11994,0.50833,0.37172
10033.jpg,0.45726,0.52423,0.01850
10034.jpg,0.31784,0.65245,0.02971
10035.jpg,0.10670,0.62104,0.27225
10036.jpg,0.44049,0.55036,0.00916
10037.jpg,0.43378,0.55400,0.01222
10038.jpg,0.29470,0.69311,0.01219
10039.jpg,0.63157,0.35939,0.00904
10040.jpg,0.05228,0.27913,0.66859
10041.jpg,0.18694,0.75098,0.06208
10042.jpg,0.06307,0.50083,0.43610
10043.jpg,0.14006,0.65344,0.20650
10044.jpg,0.51172,0.36407,0.12421
10045.jpg,0.35641,0.62283,0.02076
10046.jpg,0.27077,0.69578,0.03344
10047.jpg,0.36186,0.62658,0.01156
10048.jpg,0.08696,0.67557,0.23747
10049.jpg,0.07392,0.51020,0.41588
10050.jpg,0.07944,0.75850,0.16206
10051.jpg,0.08373,0.53229,0.38398
10052.jpg,0.06594,0.63349,0.30058
10053.jpg,0.05976,0.29371,0.64653
10054.jpg,0.07586,0.46818,0.45596
10055.jpg,0.17115,0.77056,0.05829
10056.jpg,0.37395,0.60926,0.01678
10057.jpg,0.21858,0.74434,0.03708
10058.jpg,0.64745,0.34957,0.00298
10059.jpg,0.14401,0.63957,0.21643
10060.jpg,0.25025,0.73304,0.01671
10061.jpg,0.25945,0.71380,0.02675
10062.jpg,0.04698,0.52564,0.42738
10063.jpg,0.20293,0.76560,0.03147
10064.jpg,0.17205,0.77940,0.04854
10065.jpg,0.06896,0.54563,0.38541
10066.jpg,0.02760,0.12644,0.84596
10067.jpg,0.39083,0.54080,0.06837
10068.jpg,0.07952,0.64238,0.27810
10069.jpg,0.36479,0.60186,0.03336
10070.jpg,0.34250,0.64207,0.01543
10071.jpg,0.10610,0.69016,0.20373
10072.jpg,0.08967,0.63023,0.28010
10073.jpg,0.18040,0.75520,0.06440
10074.jpg,0.31183,0.67219,0.01598
10075.jpg,0.42679,0.56427,0.00894
10076.jpg,0.03905,0.18019,0.78076
10077.jpg,0.17207,0.76388,0.06405
10078.jpg,0.58056,0.41303,0.00640
10079.jpg,0.04945,0.19098,0.75957
10080.jpg,0.14275,0.53917,0.31808
10081.jpg,0.19686,0.66242,0.14072
10082.jpg,0.20414,0.62224,0.17362
10083.jpg,0.03317,0.38997,0.57685
10084.jpg,0.06673,0.65483,0.27844
10085.jpg,0.35400,0.63548,0.01052
10086.jpg,0.08752,0.58573,0.32675
10087.jpg,0.37163,0.59694,0.03143
10088.jpg,0.06279,0.40478,0.53243
10089.jpg,0.08843,0.70855,0.20302
10090.jpg,0.07927,0.70991,0.21082
10091.jpg,0.21388,0.68587,0.10025
10092.jpg,0.35648,0.38103,0.26249
10093.jpg,0.17710,0.75292,0.06998
10094.jpg,0.17822,0.69685,0.12493
10095.jpg,0.23143,0.41701,0.35156
10096.jpg,0.59325,0.40480,0.00196
10097.jpg,0.34831,0.61637,0.03531
10098.jpg,0.24399,0.70633,0.04968
10099.jpg,0.35009,0.60512,0.04479
10100.jpg,0.30226,0.62474,0.07300
10101.jpg,0.18264,0.75715,0.06021
10102.jpg,0.12218,0.71810,0.15973
10103.jpg,0.04483,0.37741,0.57777
10104.jpg,0.06820,0.47600,0.45580
10105.jpg,0.01911,0.33262,0.64827
10106.jpg,0.06230,0.25238,0.68533
10107.jpg,0.06685,0.41005,0.52310
10108.jpg,0.21449,0.75488,0.03063
10109.jpg,0.05252,0.54259,0.40489
10110.jpg,0.08250,0.49268,0.42482
10111.jpg,0.12148,0.80545,0.07307
10112.jpg,0.09498,0.32874,0.57628
10113.jpg,0.11704,0.56927,0.31369
10114.jpg,0.43787,0.54004,0.02209
10115.jpg,0.04832,0.44595,0.50573
10116.jpg,0.45915,0.51735,0.02349
10117.jpg,0.52392,0.47001,0.00607
10118.jpg,0.29550,0.68559,0.01892
10119.jpg,0.36047,0.58193,0.05760
10120.jpg,0.38158,0.59797,0.02045
10121.jpg,0.40119,0.48034,0.11848
10122.jpg,0.09477,0.72157,0.18366
10123.jpg,0.20147,0.76204,0.03649
10124.jpg,0.29896,0.68281,0.01823
10125.jpg,0.05007,0.52006,0.42987
10126.jpg,0.07969,0.63831,0.28200
10127.jpg,0.34353,0.30590,0.35056
10128.jpg,0.11841,0.81688,0.06471
10129.jpg,0.09555,0.76951,0.13493
10130.jpg,0.15435,0.75522,0.09043
10131.jpg,0.18041,0.78456,0.03503
10132.jpg,0.25857,0.70755,0.03388
10133.jpg,0.50324,0.47205,0.02471
10134.jpg,0.02568,0.13009,0.84423
10135.jpg,0.04762,0.24666,0.70572
10136.jpg,0.45208,0.53532,0.01260
10137.jpg,0.15741,0.70126,0.14132
10138.jpg,0.39619,0.59439,0.00942
10139.jpg,0.07270,0.72086,0.20644
10140.jpg,0.16876,0.77569,0.05554
10141.jpg,0.15086,0.75258,0.09656
10142.jpg,0.10373,0.78167,0.11460
10143.jpg,0.08528,0.51541,0.39932
10144.jpg,0.20327,0.78023,0.01650
10145.jpg,0.10153,0.59717,0.30130
10146.jpg,0.29452,0.66054,0.04495
10147.jpg,0.17723,0.62377,0.19900
10148.jpg,0.05253,0.42964,0.51783
10149.jpg,0.07961,0.59915,0.32124
10150.jpg,0.25949,0.70417,0.03634
10151.jpg,0.16931,0.55795,0.27273
10152.jpg,0.03723,0.30364,0.65914
10153.jpg,0.10465,0.24894,0.64641
10154.jpg,0.60538,0.39167,0.00295
10155.jpg,0.06682,0.70385,0.22933
10156.jpg,0.41932,0.56073,0.01996
10157.jpg,0.48292,0.50664,0.01045
10158.jpg,0.42817,0.55152,0.02031
10159.jpg,0.61519,0.37568,0.00913
10160.jpg,0.06294,0.53259,0.40447
10161.jpg,0.05594,0.36686,0.57719
10162.jpg,0.56597,0.37308,0.06095
10163.jpg,0.11948,0.82447,0.05605
10164.jpg,0.05166,0.23748,0.71087
10165.jpg,0.03582,0.29066,0.67352
10166.jpg,0.15102,0.74736,0.10163
10167.jpg,0.10926,0.48637,0.40437
10168.jpg,0.10914,0.66150,0.22936
10169.jpg,0.34506,0.64639,0.00855
10170.jpg,0.06844,0.39324,0.53832
10171.jpg,0.07361,0.64805,0.27834
10172.jpg,0.04485,0.44971,0.50544
10173.jpg,0.48254,0.41491,0.10256
10174.jpg,0.02863,0.28460,0.68677
10175.jpg,0.12860,0.65746,0.21394
10176.jpg,0.30825,0.68189,0.00987
10177.jpg,0.17476,0.78116,0.04408
10178.jpg,0.25947,0.68672,0.05380
10179.jpg,0.05964,0.27132,0.66903
10180.jpg,0.17585,0.63270,0.19146
10181.jpg,0.08018,0.48960,0.43022
10182.jpg,0.20806,0.55895,0.23299
10183.jpg,0.04417,0.25128,0.70455
10184.jpg,0.39609,0.58997,0.01394
10185.jpg,0.15631,0.27281,0.57088
10186.jpg,0.51333,0.47901,0.00767
10187.jpg,0.03457,0.16801,0.79741
10188.jpg,0.01653,0.20777,0.77570
10189.jpg,0.05301,0.33718,0.60982
10190.jpg,0.47480,0.51582,0.00938
10191.jpg,0.26008,0.72339,0.01653
10192.jpg,0.06040,0.36819,0.57142
10193.jpg,0.60474,0.38476,0.01050
10194.jpg,0.09683,0.80003,0.10314
10195.jpg,0.01264,0.14977,0.83758
10196.jpg,0.12071,0.79034,0.08895
10197.jpg,0.08674,0.50107,0.41219
10198.jpg,0.21007,0.72561,0.06431
10199.jpg,0.17150,0.72748,0.10102
10200.jpg,0.11499,0.62348,0.26153
10201.jpg,0.11092,0.80727,0.08181
10202.jpg,0.05526,0.40876,0.53598
10203.jpg,0.09024,0.53071,0.37905
10204.jpg,0.29448,0.67250,0.03302
10205.jpg,0.52188,0.44665,0.03146
10206.jpg,0.58314,0.41295,0.00391
10207.jpg,0.29382,0.68585,0.02033
10208.jpg,0.12228,0.67607,0.20165
10209.jpg,0.06876,0.56610,0.36514
10210.jpg,0.07283,0.49060,0.43657
10211.jpg,0.14810,0.79859,0.05331
10212.jpg,0.22667,0.64361,0.12972
10213.jpg,0.15721,0.79366,0.04913
10214.jpg,0.11394,0.75300,0.13307
10215.jpg,0.18145,0.75908,0.05947
10216.jpg,0.15161,0.56202,0.28637
10217.jpg,0.14159,0.78792,0.07049
10218.jpg,0.15310,0.81715,0.02975
10219.jpg,0.60799,0.38972,0.00229
10220.jpg,0.06405,0.39079,0.54516
10221.jpg,0.55840,0.43840,0.00320
10222.jpg,0.06439,0.42297,0.51264
10223.jpg,0.04059,0.26425,0.69516
10224.jpg,0.10483,0.75923,0.13594
10225.jpg,0.02994,0.22265,0.74742
10226.jpg,0.04229,0.19592,0.76179
10227.jpg,0.02257,0.21041,0.76702
10228.jpg,0.20898,0.74939,0.04163
10229.jpg,0.39210,0.59104,0.01686
10230.jpg,0.18944,0.73466,0.07590
10231.jpg,0.05124,0.49580,0.45296
10232.jpg,0.06358,0.35378,0.58265
10233.jpg,0.40598,0.58295,0.01107
10234.jpg,0.26851,0.61812,0.11337
10235.jpg,0.10937,0.70248,0.18815
10236.jpg,0.20581,0.67227,0.12192
10237.jpg,0.05821,0.39446,0.54733
10238.jpg,0.27262,0.70088,0.02650
10239.jpg,0.15296,0.71677,0.13027
10240.jpg,0.08460,0.69773,0.21767
10241.jpg,0.17042,0.75545,0.07412
10242.jpg,0.06310,0.54356,0.39333
10243.jpg,0.49641,0.49536,0.00823
10244.jpg,0.07932,0.42941,0.49127
10245.jpg,0.55277,0.42078,0.02645
10246.jpg,0.10917,0.60333,0.28749
10247.jpg,0.57779,0.41852,0.00369
10248.jpg,0.16880,0.52730,0.30380
10249.jpg,0.11110,0.75996,0.12894
10250.jpg,0.08652,0.38615,0.52733
10251.jpg,0.16804,0.59874,0.23322
10252.jpg,0.12129,0.62795,0.25076
10253.jpg,0.34569,0.59128,0.06303
10254.jpg,0.09236,0.54049,0.36716
10255.jpg,0.13019,0.80123,0.06859
10256.jpg,0.19334,0.71829,0.08837
10257.jpg,0.08054,0.58322,0.33624
10258.jpg,0.16748,0.59061,0.24190
10259.jpg,0.05848,0.24278,0.69874
10260.jpg,0.03266,0.31408,0.65326
10261.jpg,0.22388,0.61132,0.16480
10262.jpg,0.14553,0.54699,0.30748
10263.jpg,0.04609,0.23004,0.72387
10264.jpg,0.13015,0.77671,0.09315
10265.jpg,0.04684,0.27616,0.67700
10266.jpg,0.08807,0.78842,0.12350
10267.jpg,0.16241,0.73868,0.09891
10268.jpg,0.63199,0.35731,0.01070
10269.jpg,0.12738,0.75636,0.11625
10270.jpg,0.48999,0.50502,0.00499
10271.jpg,0.31475,0.66177,0.02347
10272.jpg,0.23124,0.72761,0.04115
10273.jpg,0.18671,0.76191,0.05138
10274.jpg,0.46062,0.42079,0.11860
10275.jpg,0.45718,0.53175,0.01107
10276.jpg,0.14871,0.78716,0.06413
10277.jpg,0.13599,0.47978,0.38422
10278.jpg,0.20911,0.72793,0.06296
10279.jpg,0.04441,0.46807,0.48752
10280.jpg,0.08719,0.53327,0.37954
10281.jpg,0.48551,0.47749,0.03700
10282.jpg,0.06156,0.21545,0.72299
10283.jpg,0.48295,0.50893,0.00812
10284.jpg,0.04201,0.38883,0.56916
10285.jpg,0.16880,0.52730,0.30380
10286.jpg,0.04707,0.20328,0.74964
10287.jpg,0.12705,0.76207,0.11088
10288.jpg,0.05663,0.38673,0.55664
10289.jpg,0.17426,0.55116,0.27457
10290.jpg,0.13040,0.55461,0.31499
10291.jpg,0.16307,0.78903,0.04790
10292.jpg,0.04329,0.44246,0.51424
10293.jpg,0.30685,0.66076,0.03239
10294.jpg,0.21698,0.64828,0.13474
10295.jpg,0.20346,0.72033,0.07621
10296.jpg,0.17149,0.79162,0.03689
10297.jpg,0.21010,0.63960,0.15030
10298.jpg,0.31296,0.67264,0.01440
10299.jpg,0.12194,0.60838,0.26969
10300.jpg,0.34681,0.59011,0.06308
10301.jpg,0.15461,0.21001,0.63538
10302.jpg,0.03073,0.28657,0.68270
10303.jpg,0.06507,0.35623,0.57870
10304.jpg,0.14609,0.53104,0.32287
10305.jpg,0.41613,0.58201,0.00185
10306.jpg,0.20610,0.64894,0.14496
10307.jpg,0.15690,0.71528,0.12782
10308.jpg,0.06431,0.21255,0.72313
10309.jpg,0.06901,0.66356,0.26743
10310.jpg,0.06425,0.36107,0.57468
10311.jpg,0.13807,0.47428,0.38765
10312.jpg,0.15568,0.66345,0.18086
10313.jpg,0.05692,0.59597,0.34711
10314.jpg,0.54200,0.45108,0.00691
10315.jpg,0.02438,0.41318,0.56244
10316.jpg,0.09508,0.77689,0.12804
10317.jpg,0.36683,0.59299,0.04018
10318.jpg,0.01169,0.10234,0.88597
10319.jpg,0.44807,0.53838,0.01355
10320.jpg,0.11924,0.73138,0.14938
10321.jpg,0.23428,0.68328,0.08244
10322.jpg,0.04800,0.43831,0.51369
10323.jpg,0.04771,0.26920,0.68310
10324.jpg,0.19988,0.75896,0.04116
10325.jpg,0.08414,0.59086,0.32500
10326.jpg,0.04697,0.28028,0.67275
10327.jpg,0.12982,0.68808,0.18210
10328.jpg,0.11607,0.75596,0.12798
10329.jpg,0.18296,0.65559,0.16145
10330.jpg,0.08116,0.79604,0.12280
10331.jpg,0.44005,0.53602,0.02394
10332.jpg,0.04229,0.20992,0.74779
10333.jpg,0.05733,0.27897,0.66370
10334.jpg,0.11353,0.71805,0.16842
10335.jpg,0.06504,0.50483,0.43013
10336.jpg,0.13827,0.61969,0.24204
10337.jpg,0.33231,0.64840,0.01929
10338.jpg,0.13314,0.77825,0.08861
10339.jpg,0.16880,0.52730,0.30380
10340.jpg,0.39024,0.59488,0.01488
10341.jpg,0.15436,0.76048,0.08516
10342.jpg,0.11057,0.42799,0.46144
10343.jpg,0.05302,0.41337,0.53361
10344.jpg,0.06043,0.22958,0.70999
10345.jpg,0.04822,0.45081,0.50097
10346.jpg,0.08080,0.49958,0.41962
10347.jpg,0.09159,0.82543,0.08297
10348.jpg,0.29460,0.51022,0.19518
10349.jpg,0.11580,0.80337,0.08082
10350.jpg,0.03257,0.25455,0.71289
10351.jpg,0.14806,0.65917,0.19277
10352.jpg,0.49269,0.49656,0.01075
10353.jpg,0.04482,0.23069,0.72449
10354.jpg,0.07072,0.65771,0.27157
10355.jpg,0.16346,0.80167,0.03488
10356.jpg,0.06208,0.36554,0.57239
10357.jpg,0.41753,0.57497,0.00750
10358.jpg,0.47258,0.35470,0.17273
10359.jpg,0.16737,0.78856,0.04407
10360.jpg,0.10153,0.60694,0.29153
10361.jpg,0.13211,0.68921,0.17868
10362.jpg,0.18457,0.74160,0.07383
10363.jpg,0.26013,0.63440,0.10547
10364.jpg,0.52016,0.44561,0.03423
10365.jpg,0.18872,0.76371,0.04757
10366.jpg,0.06216,0.32574,0.61210
10367.jpg,0.31545,0.66863,0.01591
10368.jpg,0.18168,0.73564,0.08268
10369.jpg,0.37358,0.57796,0.04846
10370.jpg,0.64047,0.35520,0.00433
10371.jpg,0.53110,0.42309,0.04581
10372.jpg,0.10095,0.79310,0.10595
10373.jpg,0.10322,0.47069,0.42609
10374.jpg,0.18439,0.74702,0.06859
10375.jpg,0.42051,0.56608,0.01340
10376.jpg,0.42573,0.50722,0.06705
10377.jpg,0.23248,0.44406,0.32346
10378.jpg,0.08188,0.19168,0.72644
10379.jpg,0.02536,0.32967,0.64497
10380.jpg,0.55576,0.43292,0.01131
10381.jpg,0.19060,0.39218,0.41723
10382.jpg,0.11099,0.75447,0.13454
10383.jpg,0.24112,0.72986,0.02902
10384.jpg,0.44749,0.41078,0.14173
10385.jpg,0.58959,0.40580,0.00461
10386.jpg,0.03857,0.31871,0.64272
10387.jpg,0.08168,0.77238,0.14594
10388.jpg,0.16190,0.66829,0.16981
10389.jpg,0.10128,0.66634,0.23237
10390.jpg,0.34234,0.62818,0.02948
10391.jpg,0.04653,0.31612,0.63735
10392.jpg,0.05219,0.39627,0.55155
10393.jpg,0.05815,0.18653,0.75531
10394.jpg,0.05498,0.27779,0.66723
10395.jpg,0.28929,0.60812,0.10259
10396.jpg,0.41942,0.56837,0.01222
10397.jpg,0.10785,0.72493,0.16722
10398.jpg,0.22888,0.73859,0.03253
10399.jpg,0.53518,0.42545,0.03937
10400.jpg,0.13921,0.79829,0.06250
10401.jpg,0.51392,0.45934,0.02675
10402.jpg,0.65207,0.33501,0.01292
10403.jpg,0.02001,0.19004,0.78994
10404.jpg,0.11308,0.76623,0.12069
10405.jpg,0.25741,0.72072,0.02188
10406.jpg,0.41439,0.57152,0.01409
10407.jpg,0.27270,0.53917,0.18813
10408.jpg,0.47681,0.51809,0.00511
10409.jpg,0.21718,0.74976,0.03306
10410.jpg,0.11981,0.81422,0.06598
10411.jpg,0.06622,0.81262,0.12115
10412.jpg,0.23023,0.75017,0.01960
10413.jpg,0.19103,0.77425,0.03472
10414.jpg,0.05427,0.36370,0.58202
10415.jpg,0.10645,0.73341,0.16014
10416.jpg,0.16880,0.52730,0.30380
10417.jpg,0.14411,0.78147,0.07442
10418.jpg,0.14831,0.69216,0.15953
10419.jpg,0.05175,0.42064,0.52761
10420.jpg,0.51088,0.37900,0.11012
10421.jpg,0.33561,0.65512,0.00928
10422.jpg,0.23842,0.63756,0.12401
10423.jpg,0.22632,0.71191,0.06177
10424.jpg,0.03895,0.36705,0.59400
10425.jpg,0.15839,0.80240,0.03921
10426.jpg,0.07514,0.65507,0.26978
10427.jpg,0.12159,0.71611,0.16230
10428.jpg,0.23661,0.63902,0.12436
10429.jpg,0.12862,0.78906,0.08232
10430.jpg,0.62222,0.36966,0.00812
10431.jpg,0.26639,0.71069,0.02293
10432.jpg,0.03182,0.32476,0.64342
10433.jpg,0.15745,0.79659,0.04595
10434.jpg,0.08831,0.38204,0.52965
10435.jpg,0.08408,0.67285,0.24307
10436.jpg,0.16921,0.69178,0.13901
10437.jpg,0.20027,0.57506,0.22467
10438.jpg,0.05774,0.46619,0.47606
10439.jpg,0.02756,0.36609,0.60635
10440.jpg,0.04638,0.18530,0.76832
10441.jpg,0.15005,0.59432,0.25564
10442.jpg,0.05677,0.33450,0.60873
10443.jpg,0.11926,0.60463,0.27611
10444.jpg,0.14097,0.75774,0.10128
10445.jpg,0.25045,0.43325,0.31630
10446.jpg,0.66895,0.32655,0.00450
10447.jpg,0.15053,0.76962,0.07985
10448.jpg,0.07804,0.61994,0.30203
10449.jpg,0.07353,0.60109,0.32538
10450.jpg,0.32361,0.62858,0.04781
10451.jpg,0.12441,0.73323,0.14236
10452.jpg,0.16984,0.69246,0.13769
10453.jpg,0.24287,0.73445,0.02268
10454.jpg,0.12431,0.55735,0.31834
10455.jpg,0.10686,0.68477,0.20837
10456.jpg,0.09549,0.62658,0.27793
10457.jpg,0.16020,0.56049,0.27930
10458.jpg,0.13833,0.66488,0.19679
10459.jpg,0.04406,0.42064,0.53529
10460.jpg,0.31672,0.65877,0.02450
10461.jpg,0.19033,0.75920,0.05047
10462.jpg,0.03990,0.19619,0.76392
10463.jpg,0.19422,0.75011,0.05568
10464.jpg,0.13261,0.53779,0.32960
10465.jpg,0.04720,0.35601,0.59679
10466.jpg,0.05403,0.46183,0.48414
10467.jpg,0.25888,0.71353,0.02760
10468.jpg,0.31863,0.65939,0.02198
10469.jpg,0.07400,0.51945,0.40655
10470.jpg,0.27849,0.63525,0.08625
10471.jpg,0.08711,0.27746,0.63543
10472.jpg,0.30613,0.59587,0.09800
10473.jpg,0.13558,0.80493,0.05950
10474.jpg,0.06273,0.59399,0.34328
10475.jpg,0.17856,0.77206,0.04938
10476.jpg,0.19949,0.43846,0.36205
10477.jpg,0.09998,0.55873,0.34130
10478.jpg,0.11663,0.45346,0.42990
10479.jpg,0.33880,0.60641,0.05478
10480.jpg,0.05998,0.54620,0.39382
10481.jpg,0.04595,0.22175,0.73230
10482.jpg,0.06905,0.30682,0.62413
10483.jpg,0.10798,0.64808,0.24394
10484.jpg,0.16577,0.76805,0.06618
10485.jpg,0.20376,0.31177,0.48447
10486.jpg,0.22104,0.74530,0.03366
10487.jpg,0.14021,0.67439,0.18541
10488.jpg,0.05298,0.41228,0.53474
10489.jpg,0.20624,0.75901,0.03476
10490.jpg,0.17086,0.79160,0.03755
10491.jpg,0.63655,0.34765,0.01580
10492.jpg,0.44318,0.51774,0.03908
10493.jpg,0.08362,0.51672,0.39966
10494.jpg,0.29671,0.67999,0.02330
10495.jpg,0.50398,0.47397,0.02205
10496.jpg,0.10595,0.56901,0.32504
10497.jpg,0.05589,0.23153,0.71258
10498.jpg,0.06564,0.71273,0.22163
10499.jpg,0.12937,0.72653,0.14411
10500.jpg,0.04011,0.25188,0.70801
10501.jpg,0.12849,0.80941,0.06210
10502.jpg,0.05836,0.34830,0.59334
10503.jpg,0.04190,0.23670,0.72140
10504.jpg,0.19555,0.77394,0.03051
10505.jpg,0.05587,0.43604,0.50809
10506.jpg,0.68229,0.31214,0.00557
10507.jpg,0.18825,0.67057,0.14118
10508.jpg,0.32946,0.63610,0.03444
10509.jpg,0.11005,0.58643,0.30353
10510.jpg,0.06155,0.15244,0.78602
10511.jpg,0.06348,0.34001,0.59651
10512.jpg,0.47810,0.43076,0.09114
10513.jpg,0.34998,0.62218,0.02784
10514.jpg,0.36212,0.60015,0.03773
10515.jpg,0.26871,0.68872,0.04257
10516.jpg,0.09848,0.58677,0.31475
10517.jpg,0.09760,0.61913,0.28327
10518.jpg,0.07505,0.53364,0.39131
10519.jpg,0.19147,0.78269,0.02584
10520.jpg,0.16880,0.52730,0.30380
10521.jpg,0.16177,0.48928,0.34895
10522.jpg,0.18745,0.76995,0.04261
10523.jpg,0.08173,0.47907,0.43920
10524.jpg,0.61024,0.38714,0.00262
10525.jpg,0.01541,0.20601,0.77859
10526.jpg,0.15718,0.80902,0.03380
10527.jpg,0.05782,0.25287,0.68931
10528.jpg,0.12163,0.79400,0.08437
10529.jpg,0.11106,0.67418,0.21476
10530.jpg,0.15920,0.74623,0.09457
10531.jpg,0.04410,0.26245,0.69345
10532.jpg,0.18297,0.74375,0.07327
10533.jpg,0.08237,0.44034,0.47730
10534.jpg,0.48403,0.49967,0.01629
10535.jpg,0.15659,0.75884,0.08457
10536.jpg,0.10850,0.75332,0.13817
10537.jpg,0.29069,0.69596,0.01335
10538.jpg,0.30185,0.67165,0.02649
10539.jpg,0.38657,0.60264,0.01079
10540.jpg,0.05568,0.48589,0.45843
10541.jpg,0.16469,0.74105,0.09426
10542.jpg,0.52793,0.46605,0.00602
10543.jpg,0.46945,0.51548,0.01507
10544.jpg,0.45963,0.53259,0.00778
10545.jpg,0.49705,0.49877,0.00418
10546.jpg,0.47694,0.49734,0.02571
10547.jpg,0.24172,0.66179,0.09649
10548.jpg,0.17143,0.78025,0.04832
10549.jpg,0.03789,0.48734,0.47477
10550.jpg,0.14638,0.66404,0.18959
10551.jpg,0.15848,0.64209,0.19943
10552.jpg,0.40125,0.58214,0.01661
10553.jpg,0.01524,0.12349,0.86127
10554.jpg,0.09728,0.72926,0.17346
10555.jpg,0.38809,0.60166,0.01024
10556.jpg,0.02225,0.24572,0.73203
10557.jpg,0.42617,0.56364,0.01019
10558.jpg,0.11782,0.74921,0.13297
10559.jpg,0.05595,0.26930,0.67476
10560.jpg,0.18154,0.60787,0.21059
10561.jpg,0.02764,0.26850,0.70385
10562.jpg,0.03823,0.29140,0.67037
10563.jpg,0.03744,0.19800,0.76456
10564.jpg,0.37060,0.58633,0.04307
10565.jpg,0.56159,0.43143,0.00697
10566.jpg,0.33528,0.48644,0.17828
10567.jpg,0.11882,0.61740,0.26379
10568.jpg,0.08365,0.47109,0.44526
10569.jpg,0.26173,0.67244,0.06583
10570.jpg,0.08780,0.73293,0.17928
10571.jpg,0.12208,0.32692,0.55100
10572.jpg,0.19438,0.66628,0.13935
10573.jpg,0.10512,0.48540,0.40947
10574.jpg,0.35179,0.48527,0.16294
10575.jpg,0.08192,0.59778,0.32030
10576.jpg,0.25695,0.62002,0.12304
10577.jpg,0.42206,0.56061,0.01733
10578.jpg,0.07191,0.41076,0.51733
10579.jpg,0.45797,0.33591,0.20612
10580.jpg,0.48520,0.50290,0.01190
10581.jpg,0.16570,0.76748,0.06682
10582.jpg,0.33068,0.65032,0.01900
10583.jpg,0.07693,0.15863,0.76444
10584.jpg,0.11411,0.37221,0.51368
10585.jpg,0.03300,0.15137,0.81563
10586.jpg,0.22068,0.69392,0.08540
10587.jpg,0.61418,0.38044,0.00538
10588.jpg,0.05762,0.66452,0.27786
10589.jpg,0.60437,0.38687,0.00876
10590.jpg,0.39544,0.55967,0.04489
10591.jpg,0.12865,0.24424,0.62711
10592.jpg,0.04666,0.56603,0.38731
10593.jpg,0.15521,0.26692,0.57787
10594.jpg,0.32940,0.65254,0.01806
10595.jpg,0.04854,0.12909,0.82237
10596.jpg,0.04107,0.38216,0.57677
10597.jpg,0.08196,0.47318,0.44486
10598.jpg,0.03594,0.18134,0.78271
10599.jpg,0.60858,0.38172,0.00971
10600.jpg,0.20460,0.68950,0.10590
10601.jpg,0.23970,0.72339,0.03691
10602.jpg,0.08029,0.38366,0.53604
10603.jpg,0.12656,0.58738,0.28606
10604.jpg,0.08621,0.64554,0.26825
10605.jpg,0.19960,0.70856,0.09183
10606.jpg,0.13498,0.55447,0.31054
10607.jpg,0.03245,0.30723,0.66032
10608.jpg,0.13120,0.69260,0.17620
10609.jpg,0.26138,0.51852,0.22010
10610.jpg,0.04550,0.48473,0.46977
10611.jpg,0.10735,0.67462,0.21803
10612.jpg,0.03423,0.24264,0.72312
10613.jpg,0.11602,0.61212,0.27186
10614.jpg,0.05143,0.36938,0.57918
10615.jpg,0.20371,0.43556,0.36074
10616.jpg,0.38485,0.58949,0.02566
10617.jpg,0.04012,0.31798,0.64191
10618.jpg,0.02346,0.15126,0.82529
10619.jpg,0.17624,0.47271,0.35105
10620.jpg,0.17043,0.75654,0.07304
10621.jpg,0.09289,0.73658,0.17053
10622.jpg,0.03521,0.34762,0.61718
10623.jpg,0.07656,0.71847,0.20496
10624.jpg,0.05218,0.46872,0.47910
10625.jpg,0.13074,0.73984,0.12942
10626.jpg,0.31861,0.67320,0.00819
10627.jpg,0.08811,0.77771,0.13417
10628.jpg,0.09625,0.45959,0.44415
10629.jpg,0.19178,0.71268,0.09554
10630.jpg,0.06164,0.63042,0.30793
10631.jpg,0.05690,0.49133,0.45177
10632.jpg,0.31170,0.61473,0.07357
10633.jpg,0.29995,0.67887,0.02118
10634.jpg,0.16880,0.52730,0.30380
10635.jpg,0.24988,0.72243,0.02769
10636.jpg,0.09849,0.64256,0.25895
10637.jpg,0.05928,0.63303,0.30770
10638.jpg,0.06667,0.58273,0.35059
10639.jpg,0.11685,0.67961,0.20354
10640.jpg,0.04932,0.49547,0.45521
10641.jpg,0.34301,0.54537,0.11162
10642.jpg,0.29061,0.67138,0.03801
10643.jpg,0.11850,0.79217,0.08933
10644.jpg,0.15237,0.81781,0.02982
10645.jpg,0.15180,0.56792,0.28028
10646.jpg,0.16880,0.52730,0.30380
10647.jpg,0.52664,0.46456,0.00880
10648.jpg,0.03961,0.19921,0.76118
10649.jpg,0.14923,0.72480,0.12597
10650.jpg,0.43019,0.56016,0.00965
10651.jpg,0.47205,0.52107,0.00688
10652.jpg,0.11968,0.59028,0.29005
10653.jpg,0.28547,0.68966,0.02487
10654.jpg,0.15806,0.72405,0.11789
10655.jpg,0.05321,0.27176,0.67503
10656.jpg,0.06538,0.53186,0.40276
10657.jpg,0.07066,0.35628,0.57306
10658.jpg,0.08039,0.65793,0.26168
10659.jpg,0.27719,0.67375,0.04905
10660.jpg,0.15552,0.77375,0.07073
10661.jpg,0.18123,0.78531,0.03346
10662.jpg,0.11306,0.71782,0.16911
10663.jpg,0.05084,0.52384,0.42531
10664.jpg,0.59746,0.38965,0.01290
10665.jpg,0.53244,0.46208,0.00548
10666.jpg,0.09845,0.74442,0.15713
10667.jpg,0.20078,0.76755,0.03168
10668.jpg,0.07009,0.21108,0.71883
10669.jpg,0.08718,0.59470,0.31812
10670.jpg,0.38935,0.59399,0.01666
10671.jpg,0.15845,0.77509,0.06646
10672.jpg,0.08892,0.58147,0.32961
10673.jpg,0.13195,0.71029,0.15777
10674.jpg,0.57075,0.40936,0.01990
10675.jpg,0.65545,0.34034,0.00421
10676.jpg,0.18320,0.69972,0.11707
10677.jpg,0.10247,0.73511,0.16242
10678.jpg,0.05145,0.49215,0.45640
10679.jpg,0.09013,0.63265,0.27722
10680.jpg,0.41905,0.56588,0.01507
10681.jpg,0.18938,0.73390,0.07673
10682.jpg,0.04664,0.25054,0.70282
10683.jpg,0.04830,0.24227,0.70944
10684.jpg,0.09789,0.81141,0.09070
10685.jpg,0.26971,0.69248,0.03781
10686.jpg,0.18730,0.66055,0.15215
10687.jpg,0.08932,0.65653,0.25416
10688.jpg,0.08687,0.63870,0.27443
10689.jpg,0.04897,0.23666,0.71437
10690.jpg,0.27384,0.65627,0.06990
10691.jpg,0.04673,0.37735,0.57592
10692.jpg,0.33320,0.63842,0.02838
10693.jpg,0.03462,0.31709,0.64829
10694.jpg,0.58368,0.41359,0.00273
10695.jpg,0.02958,0.21354,0.75688
