image_name,Type_1,Type_2,Type_3
0.jpg,0.02887,0.96368,0.00745
1.jpg,0.00914,0.88135,0.10951
2.jpg,0.97655,0.02337,0.00008
3.jpg,0.05800,0.53484,0.40716
4.jpg,0.02557,0.16112,0.81331
5.jpg,0.01578,0.98422,0.00000
6.jpg,0.00639,0.99358,0.00003
7.jpg,0.00125,0.83104,0.16771
8.jpg,0.21681,0.77768,0.00551
9.jpg,0.00190,0.90635,0.09175
10.jpg,0.01045,0.98954,0.00001
11.jpg,0.07109,0.03256,0.89635
12.jpg,0.09190,0.20670,0.70140
13.jpg,0.00549,0.52711,0.46740
14.jpg,0.00046,0.94628,0.05326
15.jpg,0.20982,0.24128,0.54890
16.jpg,0.25191,0.74059,0.00751
17.jpg,0.42398,0.56152,0.01450
18.jpg,0.32184,0.67647,0.00168
19.jpg,0.17042,0.33875,0.49083
20.jpg,0.89038,0.10959,0.00004
21.jpg,0.00824,0.99176,0.00000
22.jpg,0.04170,0.95801,0.00030
23.jpg,0.67775,0.30844,0.01381
24.jpg,0.00984,0.98817,0.00200
25.jpg,0.07656,0.82869,0.09475
26.jpg,0.09357,0.90305,0.00338
27.jpg,0.00005,0.35002,0.64993
28.jpg,0.17253,0.38884,0.43863
29.jpg,0.04956,0.46829,0.48215
30.jpg,0.55879,0.35730,0.08391
31.jpg,0.08577,0.89759,0.01664
32.jpg,0.02182,0.46314,0.51504
33.jpg,0.14159,0.46525,0.39315
34.jpg,0.12746,0.67758,0.19497
35.jpg,0.00012,0.00027,0.99961
36.jpg,0.18972,0.81016,0.00012
37.jpg,0.09569,0.90420,0.00011
38.jpg,0.32509,0.66111,0.01380
39.jpg,0.16486,0.66654,0.16860
40.jpg,0.00412,0.83233,0.16354
41.jpg,0.00494,0.81553,0.17952
42.jpg,0.00029,0.98967,0.01004
43.jpg,0.00213,0.96666,0.03121
44.jpg,0.09615,0.60970,0.29415
45.jpg,0.00036,0.00204,0.99760
46.jpg,0.56854,0.20519,0.22627
47.jpg,0.99311,0.00684,0.00005
48.jpg,0.00546,0.27673,0.71781
49.jpg,0.03381,0.20593,0.76025
50.jpg,0.03370,0.08441,0.88188
51.jpg,0.98255,0.01744,0.00001
52.jpg,0.02673,0.19088,0.78239
53.jpg,0.72486,0.06258,0.21256
54.jpg,0.00041,0.01052,0.98907
55.jpg,0.00300,0.62869,0.36832
56.jpg,0.00002,0.93434,0.06565
57.jpg,0.36723,0.63052,0.00225
58.jpg,0.00039,0.11088,0.88873
59.jpg,0.99996,0.00002,0.00002
60.jpg,0.02792,0.25398,0.71809
61.jpg,0.01693,0.98304,0.00003
62.jpg,0.00920,0.19596,0.79484
63.jpg,0.00002,0.89715,0.10283
64.jpg,0.18167,0.76242,0.05592
65.jpg,0.97291,0.02697,0.00012
66.jpg,0.14813,0.03062,0.82126
67.jpg,0.00730,0.36882,0.62388
68.jpg,0.07589,0.74780,0.17631
69.jpg,0.08676,0.85423,0.05901
70.jpg,0.85482,0.14498,0.00020
71.jpg,0.01788,0.95949,0.02263
72.jpg,0.00995,0.99003,0.00002
73.jpg,0.65406,0.29094,0.05500
74.jpg,0.01546,0.83178,0.15276
75.jpg,0.01080,0.95371,0.03549
76.jpg,0.00438,0.24434,0.75128
77.jpg,0.25460,0.49004,0.25536
78.jpg,0.01903,0.03673,0.94425
79.jpg,0.99448,0.00552,0.00000
80.jpg,0.00595,0.96051,0.03354
81.jpg,0.03215,0.93624,0.03161
82.jpg,0.35353,0.64325,0.00322
83.jpg,0.01963,0.18791,0.79246
84.jpg,0.02833,0.58761,0.38406
85.jpg,0.00015,0.99973,0.00012
86.jpg,0.11179,0.34269,0.54552
87.jpg,0.00011,0.35798,0.64191
88.jpg,0.18050,0.69746,0.12204
89.jpg,0.00383,0.25604,0.74013
90.jpg,0.93905,0.06095,0.00000
91.jpg,0.51046,0.27881,0.21072
92.jpg,0.00859,0.18645,0.80496
93.jpg,0.06901,0.88083,0.05016
94.jpg,0.06271,0.92537,0.01192
95.jpg,0.02222,0.85425,0.12353
96.jpg,0.99376,0.00524,0.00100
97.jpg,0.01977,0.59298,0.38725
98.jpg,0.00520,0.99472,0.00008
99.jpg,0.00069,0.44426,0.55504
100.jpg,0.01211,0.87239,0.11550
101.jpg,0.34827,0.61998,0.03174
102.jpg,0.14913,0.71110,0.13977
103.jpg,0.31239,0.39392,0.29368
104.jpg,0.01572,0.60003,0.38425
105.jpg,0.01745,0.49035,0.49220
106.jpg,0.01645,0.95282,0.03073
107.jpg,0.00000,0.84530,0.15470
108.jpg,0.01537,0.76539,0.21924
109.jpg,0.03619,0.03200,0.93181
110.jpg,0.00306,0.99601,0.00094
111.jpg,0.05303,0.75378,0.19318
112.jpg,0.00871,0.14639,0.84490
113.jpg,0.01328,0.23944,0.74729
114.jpg,0.00020,0.10405,0.89575
115.jpg,0.05405,0.85947,0.08648
116.jpg,0.00379,0.15051,0.84569
117.jpg,0.15404,0.84348,0.00247
118.jpg,0.01018,0.14581,0.84401
119.jpg,0.00714,0.67286,0.32000
120.jpg,0.09016,0.88115,0.02868
121.jpg,0.04237,0.93242,0.02521
122.jpg,0.01065,0.30098,0.68837
123.jpg,0.36519,0.63137,0.00344
124.jpg,0.06689,0.03695,0.89616
125.jpg,0.00752,0.31359,0.67889
126.jpg,0.05840,0.86416,0.07744
127.jpg,0.00082,0.98804,0.01113
128.jpg,0.02372,0.97628,0.00000
129.jpg,0.00254,0.99742,0.00004
130.jpg,0.38163,0.59599,0.02238
131.jpg,0.14798,0.07453,0.77749
132.jpg,0.57933,0.15111,0.26956
133.jpg,0.01110,0.26398,0.72492
134.jpg,0.00004,0.99453,0.00542
135.jpg,0.02453,0.93940,0.03607
136.jpg,0.00001,0.99939,0.00060
137.jpg,0.57369,0.31916,0.10715
138.jpg,0.00936,0.87604,0.11460
139.jpg,0.25007,0.74545,0.00448
140.jpg,0.12011,0.87432,0.00557
141.jpg,0.07593,0.12015,0.80393
142.jpg,0.95714,0.04285,0.00000
143.jpg,0.07966,0.11303,0.80731
144.jpg,0.16133,0.83302,0.00566
145.jpg,0.00039,0.58602,0.41359
146.jpg,0.00368,0.99631,0.00000
147.jpg,0.02751,0.96911,0.00338
148.jpg,0.10834,0.67926,0.21240
149.jpg,0.04282,0.37084,0.58634
150.jpg,0.48757,0.50249,0.00994
151.jpg,0.00213,0.01442,0.98345
152.jpg,0.00003,0.99979,0.00018
153.jpg,0.00285,0.30309,0.69407
154.jpg,0.25479,0.71088,0.03433
155.jpg,0.02806,0.89100,0.08094
156.jpg,0.00502,0.86299,0.13200
157.jpg,0.09825,0.26386,0.63789
158.jpg,0.02061,0.47150,0.50789
159.jpg,0.02156,0.97583,0.00261
160.jpg,0.28119,0.71577,0.00304
161.jpg,0.18694,0.17166,0.64140
162.jpg,0.19111,0.05331,0.75558
163.jpg,0.05237,0.61884,0.32879
164.jpg,0.21154,0.75710,0.03136
165.jpg,0.99953,0.00047,0.00000
166.jpg,0.23506,0.51523,0.24971
167.jpg,0.00571,0.10189,0.89241
168.jpg,0.02364,0.97139,0.00497
169.jpg,0.00437,0.99563,0.00001
170.jpg,0.01417,0.98130,0.00453
171.jpg,0.00012,0.01906,0.98083
172.jpg,0.06152,0.45566,0.48282
173.jpg,0.17004,0.66377,0.16619
174.jpg,0.00004,0.99692,0.00305
175.jpg,0.03698,0.71496,0.24806
176.jpg,0.02556,0.93473,0.03972
177.jpg,0.03404,0.96574,0.00022
178.jpg,0.00004,0.01547,0.98449
179.jpg,0.02783,0.96218,0.00999
180.jpg,0.00075,0.44973,0.54953
181.jpg,0.47237,0.26198,0.26565
182.jpg,0.00026,0.06958,0.93016
183.jpg,0.27966,0.62026,0.10008
184.jpg,0.00222,0.20403,0.79375
185.jpg,0.00004,0.02153,0.97843
186.jpg,0.00001,0.99183,0.00816
187.jpg,0.01062,0.13929,0.85009
188.jpg,0.07822,0.83303,0.08875
189.jpg,0.00002,0.09320,0.90678
190.jpg,0.00756,0.99212,0.00032
191.jpg,0.00051,0.22636,0.77312
192.jpg,0.05996,0.41670,0.52334
193.jpg,0.22078,0.51884,0.26038
194.jpg,0.01630,0.20574,0.77795
195.jpg,0.97233,0.02751,0.00016
196.jpg,0.97060,0.02832,0.00109
197.jpg,0.23289,0.62702,0.14009
198.jpg,0.09855,0.18276,0.71868
199.jpg,0.00064,0.08148,0.91788
200.jpg,0.09450,0.88300,0.02250
201.jpg,0.19217,0.72377,0.08406
202.jpg,0.44379,0.26671,0.28949
203.jpg,0.31341,0.48080,0.20579
204.jpg,0.00078,0.02086,0.97836
205.jpg,0.04344,0.17654,0.78003
206.jpg,0.15620,0.78976,0.05404
207.jpg,0.00393,0.40285,0.59323
208.jpg,0.12516,0.15767,0.71717
209.jpg,0.00395,0.01649,0.97956
210.jpg,0.10763,0.05558,0.83679
211.jpg,0.03033,0.83144,0.13823
212.jpg,0.01685,0.94004,0.04312
213.jpg,0.01928,0.30743,0.67329
214.jpg,0.66716,0.33236,0.00049
215.jpg,0.21423,0.78576,0.00002
216.jpg,0.00030,0.99557,0.00413
217.jpg,0.00018,0.99981,0.00001
218.jpg,0.00548,0.98225,0.01227
219.jpg,0.00809,0.30722,0.68469
220.jpg,0.14032,0.85269,0.00699
221.jpg,0.04241,0.76643,0.19116
222.jpg,0.00006,0.50779,0.49215
223.jpg,0.05413,0.08460,0.86127
224.jpg,0.00348,0.22786,0.76866
225.jpg,0.00326,0.94290,0.05383
226.jpg,0.04493,0.06999,0.88508
227.jpg,0.00012,0.99988,0.00000
228.jpg,0.00050,0.99900,0.00050
229.jpg,0.00001,0.99999,0.00000
230.jpg,0.02950,0.68977,0.28073
231.jpg,0.98093,0.01462,0.00445
232.jpg,0.99840,0.00066,0.00093
233.jpg,0.04840,0.95159,0.00001
234.jpg,0.00125,0.03319,0.96556
235.jpg,0.00054,0.85489,0.14457
236.jpg,0.00250,0.93418,0.06332
237.jpg,0.11770,0.28320,0.59910
238.jpg,0.00053,0.01933,0.98014
239.jpg,0.00000,0.99860,0.00140
240.jpg,0.17832,0.26149,0.56019
241.jpg,0.07135,0.90802,0.02063
242.jpg,0.00658,0.94480,0.04862
243.jpg,0.99000,0.00990,0.00010
244.jpg,0.00019,0.16899,0.83082
245.jpg,0.27069,0.72913,0.00019
246.jpg,0.00001,0.99908,0.00091
247.jpg,0.03302,0.61049,0.35649
248.jpg,0.04857,0.54160,0.40983
249.jpg,0.17508,0.82481,0.00011
250.jpg,0.01552,0.89229,0.09219
251.jpg,0.34321,0.36717,0.28962
252.jpg,0.00078,0.94855,0.05067
253.jpg,0.02368,0.35783,0.61848
254.jpg,0.00184,0.00193,0.99623
255.jpg,0.06250,0.52937,0.40813
256.jpg,0.05306,0.82306,0.12388
257.jpg,0.00916,0.99017,0.00068
258.jpg,0.18709,0.33049,0.48242
259.jpg,0.22874,0.65328,0.11798
260.jpg,0.77659,0.22341,0.00000
261.jpg,0.00102,0.02979,0.96920
262.jpg,0.20728,0.79104,0.00168
263.jpg,0.16133,0.68007,0.15861
264.jpg,0.00883,0.30216,0.68901
265.jpg,0.01636,0.02134,0.96230
266.jpg,0.00031,0.15468,0.84502
267.jpg,0.20647,0.77839,0.01514
268.jpg,0.06198,0.93795,0.00007
269.jpg,0.44881,0.55102,0.00017
270.jpg,0.00026,0.01261,0.98712
271.jpg,0.20109,0.55459,0.24432
272.jpg,0.11457,0.73630,0.14913
273.jpg,0.08467,0.47546,0.43987
274.jpg,0.01659,0.98335,0.00006
275.jpg,0.00810,0.11369,0.87821
276.jpg,0.03867,0.25215,0.70918
277.jpg,0.11859,0.56537,0.31603
278.jpg,0.12395,0.77733,0.09871
279.jpg,0.00062,0.02820,0.97119
280.jpg,0.00662,0.98215,0.01122
281.jpg,0.42764,0.08823,0.48413
282.jpg,0.37713,0.40600,0.21687
283.jpg,0.00005,0.35402,0.64593
284.jpg,0.01429,0.00144,0.98426
285.jpg,0.82851,0.12900,0.04249
286.jpg,0.00653,0.94342,0.05005
287.jpg,0.00746,0.14873,0.84381
288.jpg,0.15752,0.52315,0.31933
289.jpg,0.91109,0.06167,0.02724
290.jpg,0.07504,0.65061,0.27435
291.jpg,0.20682,0.70719,0.08599
292.jpg,0.16350,0.40755,0.42896
293.jpg,0.92565,0.07431,0.00004
294.jpg,0.09266,0.88112,0.02622
295.jpg,0.00354,0.96645,0.03001
296.jpg,0.00471,0.99528,0.00000
297.jpg,0.06580,0.93328,0.00092
298.jpg,0.58072,0.29211,0.12717
299.jpg,0.69888,0.22069,0.08043
300.jpg,0.05380,0.90970,0.03650
301.jpg,0.00645,0.32498,0.66857
302.jpg,0.00026,0.82471,0.17504
303.jpg,0.65190,0.34764,0.00046
304.jpg,0.99957,0.00008,0.00036
305.jpg,0.00014,0.96989,0.02997
306.jpg,0.00357,0.05834,0.93809
307.jpg,0.01796,0.05137,0.93067
308.jpg,0.99743,0.00207,0.00050
309.jpg,0.25915,0.35162,0.38923
310.jpg,0.00022,0.90452,0.09525
311.jpg,0.00785,0.00134,0.99082
312.jpg,0.83213,0.12771,0.04017
313.jpg,0.00191,0.92135,0.07675
314.jpg,0.01191,0.98758,0.00050
315.jpg,0.00183,0.99143,0.00674
316.jpg,0.99880,0.00118,0.00003
317.jpg,0.05671,0.73774,0.20555
318.jpg,0.04083,0.95915,0.00002
319.jpg,0.00004,0.81733,0.18263
320.jpg,0.00096,0.99784,0.00120
321.jpg,0.16947,0.28132,0.54922
322.jpg,0.01944,0.48053,0.50003
323.jpg,0.15760,0.76070,0.08171
324.jpg,0.12621,0.84277,0.03102
325.jpg,0.46927,0.08118,0.44955
326.jpg,0.00952,0.15166,0.83881
327.jpg,0.00757,0.68452,0.30791
328.jpg,0.00018,0.36827,0.63155
329.jpg,0.00000,0.24137,0.75863
330.jpg,0.28108,0.71852,0.00040
331.jpg,0.72291,0.24560,0.03149
332.jpg,0.15176,0.79543,0.05281
333.jpg,0.00002,0.00441,0.99557
334.jpg,0.00069,0.09224,0.90707
335.jpg,0.01303,0.40757,0.57940
336.jpg,0.95010,0.04990,0.00000
337.jpg,0.01959,0.93853,0.04188
338.jpg,0.23283,0.76164,0.00553
339.jpg,0.02116,0.61117,0.36766
340.jpg,0.08411,0.73980,0.17609
341.jpg,0.02022,0.93107,0.04871
342.jpg,0.35508,0.14023,0.50469
343.jpg,0.01312,0.16074,0.82614
344.jpg,0.98042,0.01911,0.00047
345.jpg,0.99992,0.00008,0.00000
346.jpg,0.00848,0.61382,0.37770
347.jpg,0.02324,0.97659,0.00018
348.jpg,0.00709,0.55049,0.44242
349.jpg,0.14555,0.63053,0.22392
350.jpg,0.05001,0.88265,0.06734
351.jpg,0.03559,0.65377,0.31064
352.jpg,0.00033,0.80794,0.19173
353.jpg,0.13337,0.09715,0.76948
354.jpg,0.08244,0.72525,0.19231
355.jpg,0.99973,0.00026,0.00001
356.jpg,0.95659,0.03110,0.01231
357.jpg,0.00859,0.94754,0.04387
358.jpg,0.00953,0.92343,0.06704
359.jpg,0.00260,0.00368,0.99373
360.jpg,0.17960,0.81780,0.00259
361.jpg,0.07402,0.80891,0.11707
362.jpg,0.00038,0.99600,0.00362
363.jpg,0.00054,0.71835,0.28110
364.jpg,0.00810,0.02055,0.97135
365.jpg,0.00574,0.97982,0.01445
366.jpg,0.00001,0.00150,0.99849
367.jpg,0.63346,0.35387,0.01268
368.jpg,0.40955,0.27095,0.31950
369.jpg,0.04669,0.95307,0.00024
370.jpg,0.27513,0.66075,0.06411
371.jpg,0.91186,0.08801,0.00013
372.jpg,0.02192,0.16935,0.80873
373.jpg,0.04499,0.93492,0.02008
374.jpg,0.03638,0.42845,0.53517
375.jpg,0.00263,0.99736,0.00001
376.jpg,0.03970,0.71954,0.24077
377.jpg,0.29080,0.69158,0.01763
378.jpg,0.00000,0.99952,0.00048
379.jpg,0.00619,0.47080,0.52301
380.jpg,0.01828,0.11809,0.86363
381.jpg,0.20800,0.53741,0.25459
382.jpg,0.99777,0.00207,0.00016
383.jpg,0.00095,0.99901,0.00004
384.jpg,0.80432,0.13504,0.06064
385.jpg,0.01035,0.39606,0.59359
386.jpg,0.02888,0.04174,0.92938
387.jpg,0.01446,0.62696,0.35858
388.jpg,0.08374,0.57372,0.34254
389.jpg,0.00163,0.65771,0.34066
390.jpg,0.36384,0.52034,0.11582
391.jpg,0.00011,0.51515,0.48473
392.jpg,0.00067,0.96951,0.02982
393.jpg,0.10025,0.00568,0.89407
394.jpg,0.07523,0.78644,0.13832
395.jpg,0.35165,0.64339,0.00496
396.jpg,0.08925,0.89778,0.01296
397.jpg,0.60504,0.27419,0.12077
398.jpg,0.00012,0.89988,0.10001
399.jpg,0.23750,0.73935,0.02315
400.jpg,0.03017,0.75480,0.21503
401.jpg,0.00037,0.99345,0.00618
402.jpg,0.96455,0.03248,0.00297
403.jpg,0.00224,0.98408,0.01368
404.jpg,0.05528,0.81143,0.13329
405.jpg,0.01195,0.98781,0.00024
406.jpg,0.99979,0.00020,0.00001
407.jpg,0.12583,0.87389,0.00028
408.jpg,0.06424,0.91413,0.02163
409.jpg,0.05465,0.25344,0.69192
410.jpg,0.30295,0.05894,0.63812
411.jpg,0.00620,0.99307,0.00074
412.jpg,0.00433,0.70287,0.29280
413.jpg,0.00016,0.85828,0.14156
414.jpg,0.01289,0.16042,0.82670
415.jpg,0.99081,0.00919,0.00000
416.jpg,0.94487,0.05508,0.00004
417.jpg,0.07749,0.87745,0.04505
418.jpg,0.16608,0.17465,0.65927
419.jpg,0.58675,0.23072,0.18253
420.jpg,0.16810,0.42924,0.40266
421.jpg,0.72175,0.27684,0.00142
422.jpg,0.28278,0.53387,0.18335
423.jpg,0.20100,0.17836,0.62064
424.jpg,0.00340,0.88737,0.10924
425.jpg,0.00058,0.02764,0.97178
426.jpg,0.02021,0.86605,0.11374
427.jpg,0.00386,0.58483,0.41130
428.jpg,0.03046,0.14667,0.82288
429.jpg,0.00132,0.00690,0.99178
430.jpg,0.04923,0.72176,0.22901
431.jpg,0.99876,0.00124,0.00000
432.jpg,0.00040,0.42132,0.57828
433.jpg,0.00174,0.87351,0.12475
434.jpg,0.01611,0.92408,0.05981
435.jpg,0.04538,0.40021,0.55442
436.jpg,0.52433,0.46387,0.01180
437.jpg,0.52757,0.41916,0.05327
438.jpg,0.00013,0.96660,0.03327
439.jpg,0.00000,0.85684,0.14316
440.jpg,0.31500,0.33031,0.35469
441.jpg,0.01232,0.98759,0.00009
442.jpg,0.00212,0.99787,0.00001
443.jpg,0.01267,0.26608,0.72125
444.jpg,0.01570,0.93550,0.04880
445.jpg,0.57934,0.36019,0.06047
446.jpg,0.06794,0.80079,0.13127
447.jpg,0.17553,0.67507,0.14940
448.jpg,0.00903,0.23859,0.75238
449.jpg,0.62758,0.36046,0.01196
450.jpg,0.00079,0.31663,0.68258
451.jpg,0.00351,0.90942,0.08707
452.jpg,0.01069,0.61862,0.37068
453.jpg,0.78487,0.21469,0.00045
454.jpg,0.29327,0.30725,0.39948
455.jpg,0.09644,0.31765,0.58591
456.jpg,0.31743,0.68240,0.00017
457.jpg,0.99988,0.00012,0.00000
458.jpg,0.16935,0.64548,0.18517
459.jpg,0.30102,0.69568,0.00330
460.jpg,0.15132,0.78604,0.06264
461.jpg,0.00257,0.50416,0.49327
462.jpg,0.13571,0.71175,0.15254
463.jpg,0.08447,0.40308,0.51245
464.jpg,0.00028,0.99970,0.00002
465.jpg,0.00009,0.99889,0.00102
466.jpg,0.00686,0.99313,0.00001
467.jpg,0.96122,0.01007,0.02871
468.jpg,0.28565,0.17219,0.54216
469.jpg,0.02364,0.87325,0.10311
470.jpg,0.01997,0.97996,0.00007
471.jpg,0.47723,0.48906,0.03370
472.jpg,0.66910,0.07551,0.25540
473.jpg,0.01494,0.72129,0.26378
474.jpg,0.03091,0.82676,0.14233
475.jpg,0.00956,0.86312,0.12732
476.jpg,0.19925,0.76006,0.04069
477.jpg,0.82368,0.17629,0.00003
478.jpg,0.22976,0.63426,0.13598
479.jpg,0.00219,0.98248,0.01533
480.jpg,0.16125,0.75873,0.08002
481.jpg,0.00000,0.00466,0.99534
482.jpg,0.99605,0.00302,0.00093
483.jpg,0.36092,0.63900,0.00007
484.jpg,0.15664,0.34330,0.50006
485.jpg,0.00157,0.09173,0.90670
486.jpg,0.00273,0.39531,0.60196
487.jpg,0.35436,0.63966,0.00599
488.jpg,0.02476,0.32423,0.65100
489.jpg,0.94484,0.01128,0.04388
490.jpg,0.01086,0.91411,0.07503
491.jpg,0.11592,0.87487,0.00921
492.jpg,0.11171,0.88562,0.00267
493.jpg,0.17949,0.73670,0.08381
494.jpg,0.01548,0.09997,0.88456
495.jpg,0.24673,0.75322,0.00005
496.jpg,0.01145,0.62023,0.36833
497.jpg,0.07791,0.87793,0.04416
498.jpg,0.00590,0.77443,0.21967
499.jpg,0.00020,0.00200,0.99779
500.jpg,0.04683,0.92805,0.02512
501.jpg,0.00003,0.99997,0.00000
502.jpg,0.01106,0.18883,0.80011
503.jpg,0.01822,0.74484,0.23694
504.jpg,0.00172,0.52950,0.46877
505.jpg,0.13155,0.77459,0.09386
506.jpg,0.34059,0.63104,0.02837
507.jpg,0.39734,0.43598,0.16667
508.jpg,0.01884,0.84176,0.13941
509.jpg,0.16942,0.78488,0.04571
510.jpg,0.00355,0.26065,0.73580
511.jpg,0.20648,0.14494,0.64858
10000.jpg,0.06257,0.68107,0.25636
10001.jpg,0.08673,0.49634,0.41694
10002.jpg,0.05723,0.33775,0.60501
10003.jpg,0.62774,0.35873,0.01353
10004.jpg,0.20028,0.77432,0.02540
10005.jpg,0.18310,0.65363,0.16327
10006.jpg,0.16327,0.63827,0.19846
10007.jpg,0.23097,0.74982,0.01921
10008.jpg,0.10075,0.84936,0.04989
10009.jpg,0.17359,0.73308,0.09333
10010.jpg,0.10983,0.34399,0.54618
10011.jpg,0.03237,0.39238,0.57525
10012.jpg,0.06452,0.59254,0.34294
10013.jpg,0.16767,0.26832,0.56401
10014.jpg,0.11088,0.81870,0.07042
10015.jpg,0.12411,0.52091,0.35498
10016.jpg,0.01407,0.94121,0.04472
10017.jpg,0.08082,0.63601,0.28317
10018.jpg,0.18966,0.53595,0.27439
10019.jpg,0.16777,0.71665,0.11558
10020.jpg,0.01756,0.72791,0.25453
10021.jpg,0.03884,0.69971,0.26145
10022.jpg,0.07067,0.59875,0.33058
10023.jpg,0.19776,0.64085,0.16139
10024.jpg,0.01301,0.63154,0.35545
10025.jpg,0.08692,0.83805,0.07503
10026.jpg,0.22467,0.35604,0.41928
10027.jpg,0.04176,0.56980,0.38844
10028.jpg,0.01132,0.49930,0.48937
10029.jpg,0.22053,0.74397,0.03550
10030.jpg,0.12495,0.45125,0.42380
10031.jpg,0.05521,0.47627,0.46852
10032.jpg,0.12097,0.46406,0.41497
10033.jpg,0.27076,0.65878,0.07046
10034.jpg,0.20921,0.77978,0.01101
10035.jpg,0.08667,0.66569,0.24764
10036.jpg,0.49621,0.50001,0.00378
10037.jpg,0.12855,0.82746,0.04399
10038.jpg,0.08272,0.91244,0.00484
10039.jpg,0.60417,0.28656,0.10927
10040.jpg,0.06193,0.34931,0.58876
10041.jpg,0.16692,0.72033,0.11274
10042.jpg,0.06659,0.42913,0.50427
10043.jpg,0.07796,0.72979,0.19224
10044.jpg,0.00125,0.06718,0.93157
10045.jpg,0.21497,0.78097,0.00406
10046.jpg,0.45246,0.54149,0.00605
10047.jpg,0.30190,0.69315,0.00495
10048.jpg,0.08810,0.66331,0.24859
10049.jpg,0.14899,0.33326,0.51775
10050.jpg,0.11903,0.83410,0.04688
10051.jpg,0.03821,0.32217,0.63962
10052.jpg,0.06672,0.68201,0.25127
10053.jpg,0.08306,0.36116,0.55579
10054.jpg,0.02102,0.66936,0.30962
10055.jpg,0.07433,0.81040,0.11527
10056.jpg,0.03511,0.93746,0.02743
10057.jpg,0.02863,0.93382,0.03755
10058.jpg,0.71454,0.27889,0.00657
10059.jpg,0.10503,0.44995,0.44502
10060.jpg,0.26675,0.68497,0.04827
10061.jpg,0.15248,0.70396,0.14356
10062.jpg,0.10994,0.58409,0.30597
10063.jpg,0.07661,0.87729,0.04610
10064.jpg,0.12243,0.86470,0.01288
10065.jpg,0.27580,0.61154,0.11266
10066.jpg,0.05323,0.38750,0.55927
10067.jpg,0.23487,0.55945,0.20567
10068.jpg,0.02476,0.74805,0.22719
10069.jpg,0.15233,0.62154,0.22613
10070.jpg,0.14589,0.83708,0.01702
10071.jpg,0.08192,0.79577,0.12231
10072.jpg,0.28188,0.29483,0.42328
10073.jpg,0.13174,0.77712,0.09114
10074.jpg,0.18449,0.69874,0.11677
10075.jpg,0.72574,0.25347,0.02079
10076.jpg,0.00442,0.26288,0.73270
10077.jpg,0.03064,0.69008,0.27928
10078.jpg,0.34700,0.61412,0.03888
10079.jpg,0.01268,0.29448,0.69284
10080.jpg,0.23326,0.50605,0.26069
10081.jpg,0.08469,0.64573,0.26957
10082.jpg,0.05738,0.71750,0.22512
10083.jpg,0.12013,0.28595,0.59392
10084.jpg,0.08376,0.69059,0.22566
10085.jpg,0.17737,0.79594,0.02668
10086.jpg,0.09452,0.45576,0.44972
10087.jpg,0.18024,0.73775,0.08201
10088.jpg,0.03660,0.45757,0.50583
10089.jpg,0.10614,0.62599,0.26787
10090.jpg,0.06513,0.85760,0.07727
10091.jpg,0.08025,0.86641,0.05334
10092.jpg,0.02398,0.49254,0.48348
10093.jpg,0.08711,0.83836,0.07453
10094.jpg,0.10164,0.75110,0.14726
10095.jpg,0.44831,0.30553,0.24616
10096.jpg,0.74829,0.24620,0.00551
10097.jpg,0.04944,0.69162,0.25894
10098.jpg,0.10614,0.74544,0.14842
10099.jpg,0.23240,0.56148,0.20612
10100.jpg,0.20385,0.52806,0.26809
10101.jpg,0.06255,0.89793,0.03952
10102.jpg,0.06800,0.84976,0.08224
10103.jpg,0.13181,0.38209,0.48610
10104.jpg,0.08080,0.43527,0.48393
10105.jpg,0.07625,0.24410,0.67965
10106.jpg,0.03597,0.26788,0.69616
10107.jpg,0.13840,0.33074,0.53087
10108.jpg,0.01146,0.97145,0.01709
10109.jpg,0.07496,0.50561,0.41944
10110.jpg,0.13143,0.65084,0.21772
10111.jpg,0.07065,0.68401,0.24535
10112.jpg,0.15161,0.37594,0.47246
10113.jpg,0.05538,0.57548,0.36914
10114.jpg,0.40119,0.53680,0.06201
10115.jpg,0.23141,0.40502,0.36356
10116.jpg,0.41135,0.57233,0.01633
10117.jpg,0.57810,0.38310,0.03879
10118.jpg,0.09980,0.87109,0.02911
10119.jpg,0.41158,0.46885,0.11958
10120.jpg,0.24047,0.69693,0.06260
10121.jpg,0.07519,0.57398,0.35083
10122.jpg,0.04861,0.88085,0.07054
10123.jpg,0.29353,0.64280,0.06368
10124.jpg,0.13367,0.85530,0.01103
10125.jpg,0.02371,0.54981,0.42648
10126.jpg,0.07723,0.80280,0.11996
10127.jpg,0.24774,0.42591,0.32635
10128.jpg,0.04418,0.88250,0.07332
10129.jpg,0.06073,0.65756,0.28171
10130.jpg,0.13906,0.77548,0.08546
10131.jpg,0.21411,0.73165,0.05424
10132.jpg,0.57752,0.41247,0.01001
10133.jpg,0.31125,0.66740,0.02135
10134.jpg,0.01513,0.29931,0.68556
10135.jpg,0.02886,0.42483,0.54631
10136.jpg,0.74070,0.21061,0.04868
10137.jpg,0.10908,0.70307,0.18785
10138.jpg,0.14575,0.83586,0.01839
10139.jpg,0.05123,0.51359,0.43518
10140.jpg,0.05999,0.88390,0.05610
10141.jpg,0.19145,0.80229,0.00627
10142.jpg,0.02873,0.82247,0.14880
10143.jpg,0.10805,0.61590,0.27605
10144.jpg,0.07800,0.89530,0.02670
10145.jpg,0.10450,0.44852,0.44697
10146.jpg,0.15087,0.76015,0.08898
10147.jpg,0.25864,0.45677,0.28459
10148.jpg,0.07165,0.41615,0.51220
10149.jpg,0.06532,0.47233,0.46236
10150.jpg,0.19439,0.73597,0.06964
10151.jpg,0.21662,0.53095,0.25243
10152.jpg,0.03133,0.35684,0.61183
10153.jpg,0.15891,0.28229,0.55880
10154.jpg,0.78883,0.20137,0.00980
10155.jpg,0.06506,0.76933,0.16561
10156.jpg,0.40891,0.38148,0.20961
10157.jpg,0.81979,0.16696,0.01325
10158.jpg,0.09669,0.88554,0.01777
10159.jpg,0.50940,0.38690,0.10370
10160.jpg,0.05365,0.78134,0.16500
10161.jpg,0.07673,0.44822,0.47505
10162.jpg,0.27581,0.28555,0.43864
10163.jpg,0.10179,0.71486,0.18335
10164.jpg,0.03221,0.26403,0.70376
10165.jpg,0.04260,0.28632,0.67108
10166.jpg,0.08791,0.76259,0.14950
10167.jpg,0.05098,0.59210,0.35692
10168.jpg,0.02616,0.71472,0.25912
10169.jpg,0.34451,0.64074,0.01475
10170.jpg,0.04691,0.24850,0.70459
10171.jpg,0.18304,0.59109,0.22588
10172.jpg,0.10261,0.28153,0.61585
10173.jpg,0.58913,0.20780,0.20307
10174.jpg,0.05306,0.30676,0.64018
10175.jpg,0.11743,0.65920,0.22337
10176.jpg,0.18100,0.74605,0.07295
10177.jpg,0.01671,0.97630,0.00699
10178.jpg,0.22264,0.63198,0.14539
10179.jpg,0.11659,0.25420,0.62921
10180.jpg,0.19512,0.62391,0.18098
10181.jpg,0.25273,0.50565,0.24162
10182.jpg,0.24000,0.58941,0.17059
10183.jpg,0.02232,0.34467,0.63301
10184.jpg,0.12800,0.85834,0.01366
10185.jpg,0.10935,0.22944,0.66121
10186.jpg,0.37882,0.61751,0.00368
10187.jpg,0.04907,0.43839,0.51254
10188.jpg,0.03974,0.22265,0.73761
10189.jpg,0.03991,0.50041,0.45968
10190.jpg,0.37933,0.61059,0.01008
10191.jpg,0.33351,0.60107,0.06542
10192.jpg,0.07611,0.57313,0.35077
10193.jpg,0.82367,0.13339,0.04295
10194.jpg,0.02366,0.89774,0.07859
10195.jpg,0.02882,0.33009,0.64109
10196.jpg,0.02684,0.91567,0.05748
10197.jpg,0.32373,0.45909,0.21718
10198.jpg,0.13997,0.60474,0.25529
10199.jpg,0.26491,0.55314,0.18194
10200.jpg,0.08112,0.67759,0.24129
10201.jpg,0.01954,0.94037,0.04009
10202.jpg,0.08396,0.21824,0.69781
10203.jpg,0.01714,0.74228,0.24058
10204.jpg,0.27396,0.62416,0.10188
10205.jpg,0.61922,0.27768,0.10310
10206.jpg,0.52466,0.47113,0.00421
10207.jpg,0.30963,0.68481,0.00556
10208.jpg,0.00777,0.94867,0.04356
10209.jpg,0.01409,0.57518,0.41073
10210.jpg,0.05078,0.54542,0.40380
10211.jpg,0.03806,0.92203,0.03991
10212.jpg,0.29210,0.57258,0.13532
10213.jpg,0.08341,0.78646,0.13012
10214.jpg,0.03893,0.85786,0.10321
10215.jpg,0.12053,0.68866,0.19081
10216.jpg,0.11028,0.62815,0.26157
10217.jpg,0.07774,0.90601,0.01625
10218.jpg,0.01413,0.94998,0.03589
10219.jpg,0.82377,0.17429,0.00194
10220.jpg,0.09509,0.34106,0.56385
10221.jpg,0.35763,0.60997,0.03240
10222.jpg,0.17506,0.35611,0.46883
10223.jpg,0.06433,0.32905,0.60662
10224.jpg,0.04076,0.81105,0.14820
10225.jpg,0.12276,0.42247,0.45477
10226.jpg,0.13232,0.47395,0.39374
10227.jpg,0.02535,0.39132,0.58333
10228.jpg,0.11363,0.79711,0.08926
10229.jpg,0.27103,0.64052,0.08846
10230.jpg,0.13254,0.61473,0.25274
10231.jpg,0.13267,0.54564,0.32169
10232.jpg,0.06118,0.50946,0.42936
10233.jpg,0.47665,0.51352,0.00983
10234.jpg,0.05400,0.67641,0.26959
10235.jpg,0.17457,0.60389,0.22154
10236.jpg,0.14051,0.39414,0.46535
10237.jpg,0.12749,0.64166,0.23085
10238.jpg,0.39058,0.58876,0.02066
10239.jpg,0.07240,0.78887,0.13873
10240.jpg,0.09008,0.67528,0.23465
10241.jpg,0.07127,0.47853,0.45021
10242.jpg,0.03101,0.78677,0.18222
10243.jpg,0.45233,0.54435,0.00332
10244.jpg,0.16638,0.36314,0.47049
10245.jpg,0.13440,0.41210,0.45350
10246.jpg,0.15671,0.43050,0.41280
10247.jpg,0.76199,0.22480,0.01322
10248.jpg,0.16880,0.52730,0.30380
10249.jpg,0.10332,0.65163,0.24505
10250.jpg,0.03897,0.52879,0.43224
10251.jpg,0.26522,0.49460,0.24018
10252.jpg,0.13623,0.73892,0.12486
10253.jpg,0.07587,0.78858,0.13555
10254.jpg,0.05442,0.71891,0.22668
10255.jpg,0.03954,0.86278,0.09768
10256.jpg,0.06041,0.53323,0.40635
10257.jpg,0.05372,0.56502,0.38127
10258.jpg,0.17058,0.65904,0.17038
10259.jpg,0.08604,0.18602,0.72793
10260.jpg,0.02374,0.32819,0.64807
10261.jpg,0.13843,0.60500,0.25658
10262.jpg,0.09688,0.70479,0.19832
10263.jpg,0.15692,0.51577,0.32731
10264.jpg,0.05252,0.92010,0.02738
10265.jpg,0.06280,0.60523,0.33197
10266.jpg,0.06993,0.71206,0.21801
10267.jpg,0.07294,0.77262,0.15443
10268.jpg,0.36406,0.38488,0.25106
10269.jpg,0.25515,0.62556,0.11929
10270.jpg,0.59600,0.39549,0.00852
10271.jpg,0.02392,0.96501,0.01107
10272.jpg,0.01245,0.87341,0.11414
10273.jpg,0.08261,0.87947,0.03792
10274.jpg,0.66084,0.33476,0.00440
10275.jpg,0.59046,0.38247,0.02707
10276.jpg,0.11612,0.66382,0.22006
10277.jpg,0.03164,0.20834,0.76003
10278.jpg,0.69676,0.29515,0.00809
10279.jpg,0.03340,0.51789,0.44871
10280.jpg,0.21274,0.53135,0.25591
10281.jpg,0.23500,0.37399,0.39101
10282.jpg,0.13197,0.42391,0.44412
10283.jpg,0.25159,0.72325,0.02516
10284.jpg,0.05635,0.30394,0.63972
10285.jpg,0.16880,0.52730,0.30380
10286.jpg,0.13051,0.29229,0.57720
10287.jpg,0.05481,0.93942,0.00578
10288.jpg,0.11933,0.39518,0.48549
10289.jpg,0.06933,0.38937,0.54130
10290.jpg,0.08013,0.47490,0.44497
10291.jpg,0.09365,0.86354,0.04281
10292.jpg,0.02396,0.50118,0.47486
10293.jpg,0.62620,0.24575,0.12805
10294.jpg,0.08679,0.57332,0.33989
10295.jpg,0.08834,0.62539,0.28627
10296.jpg,0.18151,0.80798,0.01051
10297.jpg,0.23302,0.56018,0.20679
10298.jpg,0.28724,0.52289,0.18987
10299.jpg,0.17250,0.67167,0.15583
10300.jpg,0.19982,0.73814,0.06204
10301.jpg,0.48129,0.23009,0.28862
10302.jpg,0.03945,0.25008,0.71047
10303.jpg,0.06989,0.45409,0.47603
10304.jpg,0.08626,0.49461,0.41913
10305.jpg,0.67936,0.30173,0.01891
10306.jpg,0.22017,0.62598,0.15386
10307.jpg,0.11670,0.77324,0.11006
10308.jpg,0.02586,0.19891,0.77523
10309.jpg,0.01988,0.36262,0.61750
10310.jpg,0.06019,0.22418,0.71564
10311.jpg,0.11977,0.53435,0.34588
10312.jpg,0.09904,0.66057,0.24040
10313.jpg,0.02424,0.43191,0.54384
10314.jpg,0.44635,0.49610,0.05755
10315.jpg,0.06116,0.58555,0.35330
10316.jpg,0.07222,0.76045,0.16734
10317.jpg,0.03239,0.86410,0.10352
10318.jpg,0.06639,0.35267,0.58093
10319.jpg,0.10271,0.74114,0.15614
10320.jpg,0.08157,0.73572,0.18271
10321.jpg,0.07895,0.55708,0.36397
10322.jpg,0.04186,0.34868,0.60946
10323.jpg,0.02982,0.49098,0.47921
10324.jpg,0.16670,0.67058,0.16272
10325.jpg,0.05402,0.54361,0.40237
10326.jpg,0.03680,0.44269,0.52050
10327.jpg,0.09836,0.64158,0.26006
10328.jpg,0.02546,0.86947,0.10508
10329.jpg,0.23483,0.67278,0.09239
10330.jpg,0.04080,0.60795,0.35125
10331.jpg,0.13769,0.85376,0.00855
10332.jpg,0.06570,0.42169,0.51261
10333.jpg,0.10867,0.30057,0.59076
10334.jpg,0.07285,0.59291,0.33424
10335.jpg,0.22988,0.62897,0.14115
10336.jpg,0.18311,0.45565,0.36124
10337.jpg,0.30210,0.64951,0.04839
10338.jpg,0.09472,0.85198,0.05329
10339.jpg,0.16880,0.52730,0.30380
10340.jpg,0.72760,0.23785,0.03455
10341.jpg,0.13116,0.81115,0.05769
10342.jpg,0.21700,0.42782,0.35518
10343.jpg,0.08767,0.40933,0.50300
10344.jpg,0.07907,0.40749,0.51344
10345.jpg,0.03641,0.39061,0.57298
10346.jpg,0.01804,0.68768,0.29429
10347.jpg,0.01684,0.92374,0.05942
10348.jpg,0.12494,0.39103,0.48403
10349.jpg,0.03646,0.95104,0.01250
10350.jpg,0.00592,0.24574,0.74834
10351.jpg,0.18043,0.59882,0.22076
10352.jpg,0.42670,0.39141,0.18189
10353.jpg,0.06787,0.21065,0.72149
10354.jpg,0.04793,0.68176,0.27031
10355.jpg,0.18494,0.74534,0.06972
10356.jpg,0.02397,0.50854,0.46749
10357.jpg,0.33575,0.65961,0.00464
10358.jpg,0.00253,0.16873,0.82874
10359.jpg,0.04439,0.90665,0.04895
10360.jpg,0.07169,0.77174,0.15657
10361.jpg,0.04892,0.88751,0.06357
10362.jpg,0.03388,0.88173,0.08439
10363.jpg,0.08478,0.53443,0.38079
10364.jpg,0.37783,0.40885,0.21332
10365.jpg,0.06111,0.91349,0.02540
10366.jpg,0.04090,0.32185,0.63724
10367.jpg,0.37305,0.52939,0.09756
10368.jpg,0.09530,0.84767,0.05703
10369.jpg,0.08025,0.60378,0.31597
10370.jpg,0.48490,0.47758,0.03752
10371.jpg,0.38885,0.39914,0.21202
10372.jpg,0.01371,0.85755,0.12874
10373.jpg,0.05862,0.52859,0.41279
10374.jpg,0.11839,0.76487,0.11674
10375.jpg,0.11178,0.82451,0.06371
10376.jpg,0.74112,0.20807,0.05081
10377.jpg,0.13060,0.41237,0.45703
10378.jpg,0.05785,0.27577,0.66638
10379.jpg,0.05032,0.24870,0.70097
10380.jpg,0.44003,0.43646,0.12351
10381.jpg,0.08243,0.30875,0.60883
10382.jpg,0.08093,0.87230,0.04677
10383.jpg,0.13339,0.81812,0.04849
10384.jpg,0.33019,0.30741,0.36240
10385.jpg,0.75836,0.21505,0.02659
10386.jpg,0.30625,0.47350,0.22024
10387.jpg,0.01382,0.80711,0.17906
10388.jpg,0.26991,0.60264,0.12745
10389.jpg,0.03295,0.79728,0.16977
10390.jpg,0.18646,0.77718,0.03635
10391.jpg,0.10382,0.56425,0.33193
10392.jpg,0.04839,0.44462,0.50698
10393.jpg,0.04246,0.29350,0.66405
10394.jpg,0.08209,0.52963,0.38828
10395.jpg,0.20998,0.63604,0.15398
10396.jpg,0.58434,0.39551,0.02015
10397.jpg,0.01721,0.92875,0.05403
10398.jpg,0.05260,0.93418,0.01322
10399.jpg,0.06225,0.39791,0.53985
10400.jpg,0.11058,0.84353,0.04588
10401.jpg,0.58294,0.34366,0.07340
10402.jpg,0.84823,0.12585,0.02592
10403.jpg,0.02885,0.29960,0.67154
10404.jpg,0.06778,0.74033,0.19190
10405.jpg,0.51040,0.45989,0.02971
10406.jpg,0.08473,0.88215,0.03312
10407.jpg,0.29167,0.45646,0.25187
10408.jpg,0.17359,0.82102,0.00539
10409.jpg,0.17150,0.76422,0.06428
10410.jpg,0.07062,0.87769,0.05169
10411.jpg,0.02210,0.72583,0.25207
10412.jpg,0.18914,0.76172,0.04914
10413.jpg,0.08743,0.61993,0.29264
10414.jpg,0.06924,0.40130,0.52946
10415.jpg,0.09042,0.85340,0.05619
10416.jpg,0.16880,0.52730,0.30380
10417.jpg,0.06902,0.80975,0.12123
10418.jpg,0.04963,0.88002,0.07035
10419.jpg,0.07137,0.60270,0.32593
10420.jpg,0.32325,0.23410,0.44264
10421.jpg,0.15967,0.82735,0.01298
10422.jpg,0.14202,0.74898,0.10900
10423.jpg,0.11280,0.80036,0.08684
10424.jpg,0.04882,0.22291,0.72828
10425.jpg,0.09155,0.89418,0.01428
10426.jpg,0.13803,0.74632,0.11565
10427.jpg,0.07396,0.69653,0.22951
10428.jpg,0.04967,0.64235,0.30798
10429.jpg,0.03993,0.92319,0.03688
10430.jpg,0.15000,0.40229,0.44770
10431.jpg,0.46676,0.50973,0.02351
10432.jpg,0.06713,0.53679,0.39607
10433.jpg,0.01279,0.90174,0.08547
10434.jpg,0.07222,0.55169,0.37609
10435.jpg,0.02033,0.64564,0.33403
10436.jpg,0.13963,0.73607,0.12430
10437.jpg,0.18524,0.43315,0.38161
10438.jpg,0.06370,0.46956,0.46674
10439.jpg,0.04868,0.31071,0.64060
10440.jpg,0.04738,0.55351,0.39911
10441.jpg,0.27410,0.48146,0.24445
10442.jpg,0.08365,0.24506,0.67129
10443.jpg,0.08526,0.45624,0.45850
10444.jpg,0.06180,0.74006,0.19815
10445.jpg,0.09541,0.53416,0.37043
10446.jpg,0.67924,0.30282,0.01794
10447.jpg,0.08576,0.88623,0.02801
10448.jpg,0.03870,0.63773,0.32357
10449.jpg,0.10701,0.78679,0.10620
10450.jpg,0.28164,0.60187,0.11649
10451.jpg,0.26595,0.63563,0.09842
10452.jpg,0.17031,0.65360,0.17609
10453.jpg,0.04420,0.94084,0.01496
10454.jpg,0.13432,0.59110,0.27458
10455.jpg,0.07069,0.65343,0.27588
10456.jpg,0.02413,0.60168,0.37418
10457.jpg,0.11269,0.50078,0.38653
10458.jpg,0.26062,0.55252,0.18685
10459.jpg,0.04556,0.33288,0.62156
10460.jpg,0.29971,0.60188,0.09840
10461.jpg,0.45530,0.47753,0.06716
10462.jpg,0.00990,0.31947,0.67062
10463.jpg,0.03409,0.80655,0.15936
10464.jpg,0.09263,0.43904,0.46833
10465.jpg,0.02471,0.29629,0.67899
10466.jpg,0.01600,0.50725,0.47675
10467.jpg,0.29730,0.60020,0.10250
10468.jpg,0.17761,0.65758,0.16481
10469.jpg,0.05575,0.45476,0.48949
10470.jpg,0.28424,0.40782,0.30795
10471.jpg,0.14601,0.27148,0.58251
10472.jpg,0.16646,0.66574,0.16780
10473.jpg,0.01775,0.84811,0.13414
10474.jpg,0.10576,0.58520,0.30904
10475.jpg,0.06275,0.90960,0.02765
10476.jpg,0.15113,0.32730,0.52157
10477.jpg,0.17480,0.44550,0.37970
10478.jpg,0.17527,0.56364,0.26108
10479.jpg,0.12581,0.71629,0.15791
10480.jpg,0.04841,0.50877,0.44282
10481.jpg,0.08813,0.47665,0.43522
10482.jpg,0.08052,0.55399,0.36549
10483.jpg,0.18142,0.58158,0.23700
10484.jpg,0.01453,0.97518,0.01029
10485.jpg,0.08592,0.18741,0.72667
10486.jpg,0.12330,0.76106,0.11564
10487.jpg,0.22430,0.63384,0.14185
10488.jpg,0.01880,0.36433,0.61688
10489.jpg,0.27409,0.71088,0.01503
10490.jpg,0.03945,0.95288,0.00767
10491.jpg,0.48638,0.24588,0.26774
10492.jpg,0.20058,0.46801,0.33141
10493.jpg,0.04311,0.85605,0.10085
10494.jpg,0.23703,0.69352,0.06945
10495.jpg,0.33068,0.49875,0.17058
10496.jpg,0.06032,0.40905,0.53063
10497.jpg,0.25045,0.44610,0.30345
10498.jpg,0.04019,0.50736,0.45245
10499.jpg,0.14066,0.66025,0.19909
10500.jpg,0.05125,0.30446,0.64428
10501.jpg,0.19849,0.71434,0.08717
10502.jpg,0.10641,0.55649,0.33709
10503.jpg,0.13171,0.27896,0.58933
10504.jpg,0.01617,0.86647,0.11736
10505.jpg,0.04152,0.42440,0.53408
10506.jpg,0.52715,0.38562,0.08723
10507.jpg,0.04710,0.76665,0.18626
10508.jpg,0.26442,0.51737,0.21821
10509.jpg,0.21814,0.49661,0.28525
10510.jpg,0.05883,0.28080,0.66036
10511.jpg,0.09769,0.26769,0.63462
10512.jpg,0.20015,0.31972,0.48013
10513.jpg,0.19469,0.71669,0.08862
10514.jpg,0.37080,0.47815,0.15105
10515.jpg,0.05765,0.85541,0.08695
10516.jpg,0.01577,0.86823,0.11600
10517.jpg,0.17362,0.41424,0.41214
10518.jpg,0.38182,0.43700,0.18118
10519.jpg,0.05591,0.89689,0.04720
10520.jpg,0.16880,0.52730,0.30380
10521.jpg,0.16833,0.44025,0.39142
10522.jpg,0.06037,0.86662,0.07301
10523.jpg,0.05401,0.64507,0.30092
10524.jpg,0.88666,0.11030,0.00304
10525.jpg,0.08508,0.21840,0.69651
10526.jpg,0.01738,0.97345,0.00917
10527.jpg,0.01825,0.47723,0.50452
10528.jpg,0.01603,0.84469,0.13928
10529.jpg,0.00820,0.92581,0.06599
10530.jpg,0.13301,0.74949,0.11750
10531.jpg,0.05785,0.28541,0.65674
10532.jpg,0.07729,0.90963,0.01307
10533.jpg,0.02339,0.51512,0.46150
10534.jpg,0.35559,0.50704,0.13737
10535.jpg,0.28191,0.66592,0.05218
10536.jpg,0.13497,0.76572,0.09930
10537.jpg,0.78260,0.21510,0.00230
10538.jpg,0.05881,0.89896,0.04223
10539.jpg,0.07275,0.90594,0.02130
10540.jpg,0.04060,0.47055,0.48886
10541.jpg,0.12444,0.75243,0.12312
10542.jpg,0.56470,0.42314,0.01217
10543.jpg,0.53139,0.39881,0.06979
10544.jpg,0.43816,0.53185,0.02999
10545.jpg,0.58259,0.41592,0.00149
10546.jpg,0.45249,0.41703,0.13048
10547.jpg,0.19721,0.72688,0.07590
10548.jpg,0.04006,0.93103,0.02892
10549.jpg,0.08571,0.33274,0.58156
10550.jpg,0.10745,0.73353,0.15903
10551.jpg,0.05170,0.91587,0.03243
10552.jpg,0.10997,0.83646,0.05356
10553.jpg,0.12914,0.24886,0.62200
10554.jpg,0.02438,0.91128,0.06435
10555.jpg,0.06085,0.91366,0.02550
10556.jpg,0.02124,0.23034,0.74843
10557.jpg,0.24801,0.71524,0.03676
10558.jpg,0.10692,0.77288,0.12020
10559.jpg,0.01393,0.48362,0.50245
10560.jpg,0.19925,0.55348,0.24727
10561.jpg,0.02901,0.32071,0.65028
10562.jpg,0.05666,0.31031,0.63303
10563.jpg,0.09042,0.35253,0.55705
10564.jpg,0.29942,0.59646,0.10412
10565.jpg,0.20201,0.54717,0.25082
10566.jpg,0.13324,0.68990,0.17686
10567.jpg,0.10578,0.60652,0.28769
10568.jpg,0.13500,0.43668,0.42832
10569.jpg,0.01761,0.93152,0.05087
10570.jpg,0.08998,0.80339,0.10663
10571.jpg,0.22710,0.23017,0.54273
10572.jpg,0.36865,0.52469,0.10666
10573.jpg,0.06497,0.83057,0.10446
10574.jpg,0.27977,0.44171,0.27852
10575.jpg,0.15028,0.64041,0.20930
10576.jpg,0.46203,0.37482,0.16315
10577.jpg,0.16595,0.81339,0.02065
10578.jpg,0.04557,0.82923,0.12520
10579.jpg,0.03999,0.39897,0.56105
10580.jpg,0.24985,0.68878,0.06137
10581.jpg,0.01440,0.96321,0.02239
10582.jpg,0.35583,0.60153,0.04264
10583.jpg,0.08855,0.23111,0.68033
10584.jpg,0.33377,0.38782,0.27841
10585.jpg,0.12024,0.24868,0.63108
10586.jpg,0.08916,0.81935,0.09149
10587.jpg,0.70818,0.25070,0.04113
10588.jpg,0.17477,0.58522,0.24002
10589.jpg,0.91966,0.07792,0.00242
10590.jpg,0.45013,0.45778,0.09209
10591.jpg,0.09444,0.50640,0.39916
10592.jpg,0.08502,0.63423,0.28075
10593.jpg,0.05553,0.36142,0.58305
10594.jpg,0.26071,0.63587,0.10343
10595.jpg,0.03411,0.22394,0.74195
10596.jpg,0.02309,0.77723,0.19968
10597.jpg,0.03269,0.73445,0.23286
10598.jpg,0.02119,0.21325,0.76555
10599.jpg,0.56820,0.34901,0.08279
10600.jpg,0.13875,0.74257,0.11868
10601.jpg,0.36847,0.62529,0.00624
10602.jpg,0.06422,0.31989,0.61589
10603.jpg,0.35540,0.49363,0.15097
10604.jpg,0.08493,0.46388,0.45118
10605.jpg,0.05179,0.89606,0.05215
10606.jpg,0.32909,0.47070,0.20021
10607.jpg,0.01217,0.38081,0.60701
10608.jpg,0.13012,0.72107,0.14882
10609.jpg,0.30187,0.48603,0.21210
10610.jpg,0.03719,0.33315,0.62966
10611.jpg,0.01005,0.89145,0.09850
10612.jpg,0.03004,0.26794,0.70203
10613.jpg,0.03997,0.53202,0.42801
10614.jpg,0.12092,0.34500,0.53408
10615.jpg,0.04461,0.62870,0.32669
10616.jpg,0.38949,0.56109,0.04942
10617.jpg,0.03326,0.27446,0.69228
10618.jpg,0.01762,0.27535,0.70703
10619.jpg,0.13187,0.54736,0.32078
10620.jpg,0.19553,0.71449,0.08998
10621.jpg,0.02447,0.62732,0.34820
10622.jpg,0.02876,0.49745,0.47379
10623.jpg,0.06171,0.83868,0.09960
10624.jpg,0.06067,0.71992,0.21941
10625.jpg,0.04284,0.64048,0.31667
10626.jpg,0.29546,0.65269,0.05186
10627.jpg,0.07167,0.79396,0.13436
10628.jpg,0.03091,0.30507,0.66402
10629.jpg,0.19182,0.75976,0.04843
10630.jpg,0.01264,0.49280,0.49456
10631.jpg,0.11484,0.43835,0.44681
10632.jpg,0.25107,0.67246,0.07647
10633.jpg,0.19433,0.75980,0.04587
10634.jpg,0.16880,0.52730,0.30380
10635.jpg,0.08977,0.90269,0.00754
10636.jpg,0.08357,0.76778,0.14864
10637.jpg,0.10651,0.49980,0.39369
10638.jpg,0.07972,0.62530,0.29498
10639.jpg,0.20132,0.62212,0.17656
10640.jpg,0.02797,0.70246,0.26957
10641.jpg,0.11520,0.53713,0.34767
10642.jpg,0.22717,0.75817,0.01466
10643.jpg,0.26051,0.67513,0.06437
10644.jpg,0.04734,0.91467,0.03799
10645.jpg,0.31148,0.40596,0.28256
10646.jpg,0.16880,0.52730,0.30380
10647.jpg,0.76985,0.21887,0.01128
10648.jpg,0.01099,0.30277,0.68624
10649.jpg,0.04967,0.63073,0.31959
10650.jpg,0.75931,0.23705,0.00363
10651.jpg,0.34148,0.63261,0.02590
10652.jpg,0.18300,0.53196,0.28503
10653.jpg,0.16487,0.62818,0.20695
10654.jpg,0.40241,0.49449,0.10310
10655.jpg,0.10993,0.67598,0.21409
10656.jpg,0.02313,0.84502,0.13185
10657.jpg,0.04454,0.52617,0.42928
10658.jpg,0.07487,0.75477,0.17036
10659.jpg,0.42985,0.50830,0.06184
10660.jpg,0.01300,0.87153,0.11547
10661.jpg,0.06305,0.91753,0.01943
10662.jpg,0.13199,0.63970,0.22831
10663.jpg,0.03059,0.74822,0.22119
10664.jpg,0.70185,0.22485,0.07330
10665.jpg,0.67876,0.31042,0.01082
10666.jpg,0.18041,0.79253,0.02706
10667.jpg,0.00948,0.96872,0.02181
10668.jpg,0.07334,0.26914,0.65752
10669.jpg,0.07905,0.41759,0.50336
10670.jpg,0.33326,0.64882,0.01791
10671.jpg,0.03903,0.60853,0.35244
10672.jpg,0.04122,0.72433,0.23444
10673.jpg,0.18734,0.59917,0.21349
10674.jpg,0.37449,0.50793,0.11758
10675.jpg,0.89326,0.09667,0.01008
10676.jpg,0.17785,0.72001,0.10214
10677.jpg,0.03307,0.73879,0.22814
10678.jpg,0.07671,0.50411,0.41918
10679.jpg,0.10266,0.72064,0.17670
10680.jpg,0.26783,0.69170,0.04048
10681.jpg,0.14754,0.58463,0.26783
10682.jpg,0.13549,0.23563,0.62888
10683.jpg,0.06547,0.42340,0.51113
10684.jpg,0.04506,0.79901,0.15594
10685.jpg,0.18238,0.59826,0.21936
10686.jpg,0.21949,0.52000,0.26051
10687.jpg,0.01608,0.85436,0.12956
10688.jpg,0.13606,0.69199,0.17195
10689.jpg,0.07466,0.37174,0.55360
10690.jpg,0.14164,0.62643,0.23193
10691.jpg,0.23897,0.34455,0.41647
10692.jpg,0.21783,0.71082,0.07135
10693.jpg,0.13570,0.42378,0.44052
10694.jpg,0.80443,0.19012,0.00545
10695.jpg,0.14200,0.31596,0.54204
